Name: foundation
Owner: 185804764220139124118
Nick: test@example.com
-----------------------
##story##
The island of Lindra has, for over five decades, been a peaceful and prosperous place, with living conditions of farmers there approaching those of landlords in the neignboring countries inland. The island gained this peace by being well defended, but your people have forgotten the art of war. One day, two ships enter the city, looking for trade. Your people are somewhat suspicious of foreigners, but the people in the ships have much to offer, and they are allowed in. The next day, however, a full fleet of forty ships appears, coming in to attack. Your people, confused, rush to the catapults, but they have been sabotaged, along with three of the walled city's gates. The ships land and, within three hours, three quarters of the residents are dead or enslaved. You are leading one of the pockets of resistance, but it is clear that you cannot win. You must instead escape, first to the door on the left.
##classes##
soldier {'side':1,'aitype':1,'damage':8,'health':125,'range':1.6,'image':'Soldier.png','speed':0.1,'desc':'friendly'}
enemysoldier {'side':0,'aitype':0,'damage':8,'health':125,'range':1.6,'image':'Soldier2.png','speed':0.1}
pikeman {'side':1,'aitype':1,'damage':8,'health':70,'range':2.5,'image':'Pikeman.png','speed':0.1,'cmult':0.5,'desc':'friendly'}
enemypikeman {'side':0,'aitype':0,'damage':8,'health':70,'range':2.5,'image':'Pikeman2.png','speed':0.1,'cmult':0.5}
catapult {'side':1,'aitype':0,'damage':16,'health':100,'range':50,'image':'Catapult.png','speed':0}
##events##
setup 26.666 0 40 10.666
when $friendly 0x2.666 do win
unit catapult 39 10.666
unit catapult 35 10.666
unit catapult 31 10.666
unit catapult 26 10.666
unit soldier 39 1 friendly
unit soldier 38 1 friendly
unit soldier 37 1 friendly
unit soldier 36 1 friendly
unit soldier 35 1 friendly
unit soldier 34 1 friendly
unit pikeman 39 2 friendly c$0.5
unit pikeman 38 2 friendly c$0.5
unit pikeman 37 2 friendly c$0.5
unit pikeman 36 2 friendly c$0.5
unit pikeman 35 2 friendly c$0.5
unit pikeman 34 2 friendly c$0.5
unit enemysoldier 4 28
unit enemysoldier 5.333 28
unit enemysoldier 6.666 28
unit enemysoldier 8 28
unit enemysoldier 9.333 28
unit enemysoldier 10.666 28
unit enemysoldier 12 28
unit enemysoldier 13.333 28
unit enemysoldier 14.666 28
unit enemysoldier 16 28
unit enemysoldier 17.333 28
unit enemysoldier 18.666 28
unit enemysoldier 20 28
unit enemysoldier 21.333 28
unit enemysoldier 22.666 28
unit enemysoldier 24 28
unit enemysoldier 25.333 28
unit enemysoldier 26.666 28
unit enemysoldier 28 28
unit enemysoldier 29.333 28
unit enemysoldier 30.666 28
unit enemysoldier 32 28
unit enemysoldier 33.333 28
unit enemysoldier 34.666 28
unit enemysoldier 36 28
unit enemysoldier 37.333 28
unit enemysoldier 38.666 28
unit enemysoldier 20 10.666
unit enemysoldier 20 12
unit enemysoldier 20 13.333
unit enemysoldier 20 14.666
unit enemysoldier 20 16
unit enemysoldier 20 17.333
unit enemypikeman 18 10.666 c$0.5
unit enemypikeman 18 12 c$0.5
unit enemypikeman 18 13.333 c$0.5
unit enemypikeman 18 14.666 c$0.5
unit enemypikeman 18 16 c$0.5
unit enemypikeman 18 17.333 c$0.5
##terrain##
[[0, 0, 0, 0, 0, 0, 0, 0, 40, 40, 40, 40, 40, 0, 0, 0, 0, 0, 0, 0, 0, 0, 0, 0, 0, 0, 0, 0, 0, 0], [0, 0, 0, 0, 0, 0, 0, 0, 40, 40, 40, 40, 40, 0, 0, 0, 0, 0, 0, 0, 0, 0, 0, 0, 0, 0, 0, 0, 0, 0], [0, 0, 0, 0, 0, 0, 0, 0, 40, 40, 40, 40, 40, 0, 0, 0, 0, 0, 0, 0, 0, 0, 0, 0, 0, 0, 0, 0, 0, 0], [40, 40, 40, 40, 40, 40, 40, 40, 40, 40, 40, 40, 40, 40, 40, 40, 40, 40, 40, 40, 40, 40, 40, 40, 40, 40, 40, 40, 40, 40], [40, 40, 40, 40, 40, 40, 40, 40, 40, 40, 40, 40, 40, 40, 40, 40, 40, 40, 40, 40, 40, 40, 40, 40, 40, 40, 40, 40, 40, 40], [40, 40, 40, 40, 40, 40, 40, 40, 40, 40, 40, 40, 40, 40, 40, 40, 40, 40, 40, 40, 40, 40, 40, 40, 40, 40, 40, 40, 40, 40], [40, 40, 40, 40, 40, 40, 40, 40, 40, 40, 40, 40, 40, 40, 40, 40, 40, 40, 40, 40, 40, 40, 40, 40, 40, 40, 40, 40, 40, 40], [40, 40, 40, 40, 40, 40, 40, 40, 40, 40, 40, 40, 40, 40, 40, 40, 40, 40, 40, 40, 40, 40, 40, 40, 40, 40, 40, 40, 40, 40], [40, 40, 40, 40, 40, 40, 40, 40, 40, 40, 40, 40, 40, 40, 40, 40, 40, 40, 40, 40, 40, 40, 40, 40, 40, 40, 40, 40, 40, 40], [40, 40, 40, 40, 40, 40, 40, 40, 40, 40, 40, 40, 40, 40, 40, 40, 40, 40, 40, 0, 0, 0, 0, 0, 40, 40, 40, 40, 40, 40], [40, 40, 40, 40, 40, 40, 40, 40, 40, 40, 40, 40, 40, 40, 40, 40, 40, 40, 40, 0, 0, 0, 0, 0, 40, 40, 40, 40, 40, 40], [40, 40, 40, 40, 40, 40, 40, 40, 40, 40, 40, 40, 40, 40, 40, 40, 40, 40, 40, 0, 0, 0, 0, 0, 40, 40, 40, 40, 40, 40], [40, 40, 40, 40, 40, 40, 40, 40, 40, 40, 40, 40, 40, 40, 40, 40, 40, 40, 40, 0, 0, 0, 0, 0, 40, 40, 40, 40, 40, 40], [40, 40, 40, 40, 40, 40, 40, 40, 40, 40, 40, 40, 40, 40, 40, 40, 40, 40, 40, 0, 0, 0, 0, 0, 40, 40, 40, 40, 40, 40], [40, 40, 40, 40, 40, 40, 40, 40, 40, 40, 40, 40, 40, 40, 40, 40, 40, 40, 40, 40, 40, 40, 40, 40, 40, 40, 40, 40, 40, 40], [0, 0, 0, 0, 0, 0, 0, 0, 0, 0, 0, 40, 40, 40, 40, 40, 40, 40, 40, 40, 40, 40, 40, 40, 40, 40, 40, 40, 40, 40], [0, 0, 0, 0, 0, 0, 0, 0, 0, 0, 0, 40, 40, 40, 40, 40, 40, 40, 40, 40, 40, 40, 40, 40, 40, 40, 40, 40, 40, 40], [40, 40, 40, 40, 40, 40, 40, 40, 40, 40, 40, 40, 40, 40, 40, 40, 40, 40, 40, 40, 40, 40, 40, 40, 40, 40, 40, 40, 40, 40], [40, 40, 40, 40, 40, 40, 40, 40, 40, 40, 40, 40, 40, 40, 40, 40, 40, 40, 40, 40, 40, 40, 40, 40, 40, 40, 40, 40, 40, 40], [40, 40, 40, 40, 40, 40, 40, 40, 40, 40, 40, 40, 40, 40, 40, 40, 40, 40, 40, 40, 40, 40, 40, 40, 40, 40, 40, 40, 40, 40], [40, 40, 40, 40, 40, 40, 40, 40, 40, 40, 40, 40, 40, 40, 40, 40, 40, 40, 40, 0, 0, 0, 0, 0, 40, 40, 40, 40, 40, 40], [40, 40, 40, 40, 40, 40, 40, 40, 40, 40, 40, 40, 40, 40, 40, 40, 40, 40, 40, 0, 0, 0, 0, 0, 40, 40, 40, 40, 40, 40], [40, 40, 40, 40, 40, 40, 40, 40, 40, 40, 40, 40, 40, 40, 40, 40, 40, 40, 40, 0, 0, 0, 0, 0, 40, 40, 40, 40, 40, 40], [40, 40, 40, 40, 40, 40, 40, 40, 40, 40, 40, 40, 40, 40, 40, 40, 40, 40, 40, 0, 0, 0, 0, 0, 40, 40, 40, 40, 40, 40], [40, 40, 40, 40, 40, 40, 40, 40, 40, 40, 40, 40, 40, 40, 40, 40, 40, 40, 40, 0, 0, 0, 0, 0, 40, 40, 40, 40, 40, 40], [40, 40, 40, 40, 40, 40, 40, 40, 40, 40, 40, 40, 40, 40, 40, 40, 40, 40, 40, 40, 40, 40, 40, 40, 40, 40, 40, 40, 40, 40], [40, 40, 40, 40, 40, 40, 40, 40, 40, 40, 40, 40, 40, 40, 40, 40, 40, 40, 40, 40, 40, 40, 40, 40, 40, 40, 40, 40, 40, 40], [40, 40, 40, 40, 40, 40, 40, 40, 40, 40, 0, 0, 40, 40, 40, 40, 40, 40, 40, 40, 40, 40, 40, 40, 40, 40, 40, 40, 40, 40], [40, 40, 40, 40, 40, 40, 40, 40, 40, 40, 0, 0, 40, 40, 40, 40, 40, 40, 40, 40, 40, 40, 40, 40, 40, 40, 40, 40, 40, 40], [40, 40, 40, 40, 40, 40, 40, 40, 40, 40, 0, 0, 40, 40, 40, 40, 40, 40, 40, 0, 0, 0, 0, 0, 40, 40, 40, 40, 40, 40], [40, 40, 40, 40, 40, 40, 40, 40, 40, 40, 40, 40, 40, 40, 40, 40, 40, 40, 40, 0, 0, 0, 0, 0, 40, 40, 40, 40, 40, 40], [40, 40, 40, 40, 40, 40, 40, 40, 40, 40, 40, 40, 40, 40, 40, 40, 40, 40, 40, 0, 0, 0, 0, 0, 40, 40, 40, 40, 40, 40], [40, 40, 40, 40, 40, 40, 40, 40, 40, 40, 0, 0, 40, 40, 40, 40, 40, 40, 40, 0, 0, 0, 0, 0, 40, 40, 40, 40, 40, 40], [40, 40, 40, 40, 40, 40, 40, 40, 40, 40, 0, 0, 40, 40, 40, 40, 40, 40, 40, 0, 0, 0, 0, 0, 40, 40, 40, 40, 40, 40], [40, 40, 40, 40, 40, 40, 40, 40, 40, 40, 40, 40, 40, 40, 40, 40, 40, 40, 40, 40, 40, 40, 40, 40, 40, 40, 40, 40, 40, 40], [40, 40, 40, 40, 40, 40, 40, 40, 40, 40, 40, 40, 40, 40, 40, 40, 40, 40, 40, 40, 40, 40, 40, 40, 40, 40, 40, 40, 40, 40], [40, 40, 40, 40, 40, 40, 40, 40, 40, 40, 0, 0, 40, 40, 40, 40, 40, 40, 40, 40, 40, 40, 40, 40, 40, 40, 40, 40, 40, 40], [40, 40, 40, 40, 40, 40, 40, 40, 40, 40, 0, 0, 40, 40, 40, 40, 40, 40, 40, 40, 40, 40, 40, 40, 40, 40, 40, 40, 40, 40], [40, 40, 40, 40, 40, 40, 40, 40, 40, 40, 40, 40, 40, 40, 40, 40, 40, 40, 40, 40, 40, 40, 40, 40, 40, 40, 40, 40, 40, 40], [40, 40, 40, 40, 40, 40, 40, 40, 40, 40, 40, 40, 40, 40, 40, 40, 40, 40, 40, 40, 40, 40, 40, 40, 40, 40, 40, 40, 40, 40]]
-----------------------
##story##
You have successfully made it out of the walled city, but you must still leave the island. The only way to do that is by ship. The trading ships are faster than the war ships, once you get away you will be safe. One ship survives that will safely get you out of Lindra. For you to be able to leave, the ship must be completely controlled by your forces.
##classes##
soldier {'side':1,'aitype':1,'damage':8,'health':125,'range':1.6,'image':'Soldier.png','speed':0.1,'desc':'friendly'}
enemysoldier {'side':0,'aitype':0,'damage':8,'health':125,'range':1.6,'image':'Soldier2.png','speed':0.1,'desc':'enemy'}
warlock {'side':0,'aitype':0,'damage':4,'health':30,'range':50,'image':'Mage3.png','speed':0.033,'bmult':0.95,'desc':'enemy'}
enemyarcher {'side':0,'aitype':0,'damage':6,'health':50,'range':50,'image':'Archer2.png','speed':0.044,'bmult':0.95,'desc':'enemy'}
pikeman {'side':1,'aitype':1,'damage':8,'health':70,'range':2.5,'image':'Pikeman.png','speed':0.1,'cmult':0.5,'desc':'friendly'}
enemypikeman {'side':0,'aitype':0,'damage':8,'health':70,'range':2.5,'image':'Pikeman2.png','speed':0.1,'cmult':0.5,'desc':'enemy'}
##events##
when none $enemy 16.666x40 do setr s 1
when _s_=1 do set 0x16.666 $friendly attribute health 0
when _s_=1 do win
unit soldier 2.666 9
unit soldier 2.666 10.333
unit soldier 2.666 11.666
unit soldier 2.666 13
unit soldier 2.666 14.333
unit soldier 2.666 15.666
unit soldier 2.666 17
unit soldier 2.666 18.333
unit soldier 2.666 19.666
unit soldier 2.666 21
unit pikeman 1.333 9 c$0.5
unit pikeman 1.333 10.333 c$0.5
unit pikeman 1.333 11.666 c$0.5
unit pikeman 1.333 13 c$0.5
unit pikeman 1.333 14.333 c$0.5
unit pikeman 1.333 15.666 c$0.5
unit pikeman 1.333 17 c$0.5
unit pikeman 1.333 18.333 c$0.5
unit pikeman 1.333 19.666 c$0.5
unit pikeman 1.333 21 c$0.5
unit warlock 30 1.333
unit warlock 31.666 1.333
unit warlock 33.333 1.333
unit warlock 36.666 14
unit warlock 38.333 15
unit warlock 36.666 16
unit warlock 28 24
unit warlock 33.333 28
unit warlock 38 28
unit warlock 20 15
whenever 200t200 do unit enemysoldier 2.666 8
whenever 200t200 do unit enemysoldier 2.666 9.333
whenever 200t200 do unit enemysoldier 2.666 20.666
whenever 200t200 do unit enemysoldier 2.666 22
whenever 200t200 do unit enemypikeman 1.333 8
whenever 200t200 do unit enemypikeman 1.333 9.333
whenever 200t200 do unit enemypikeman 1.333 20.666
whenever 200t200 do unit enemypikeman 1.333 22
whenever 450t100 do unit enemysoldier 2 14.333
whenever 450t100 do unit enemysoldier 2 15.666
##terrain##
[[40, 40, 40, 40, 40, 40, 40, 40, 40, 40, 40, 40, 40, 40, 40, 40, 40, 40, 40, 40, 40, 40, 40, 40, 40, 40, 40, 40, 40, 40], [40, 40, 40, 40, 40, 40, 40, 40, 40, 40, 40, 40, 40, 40, 40, 40, 40, 40, 40, 40, 40, 40, 40, 40, 40, 40, 40, 40, 40, 40], [40, 40, 40, 40, 40, 40, 40, 40, 40, 40, 40, 40, 40, 40, 40, 40, 40, 40, 40, 40, 40, 40, 40, 40, 40, 40, 40, 40, 40, 40], [40, 40, 40, 40, 0, 0, 0, 0, 0, 0, 0, 0, 0, 40, 40, 40, 40, 0, 0, 0, 0, 0, 0, 0, 0, 0, 40, 40, 40, 40], [40, 40, 40, 40, 0, 40, 40, 40, 40, 40, 40, 40, 40, 40, 40, 40, 40, 40, 40, 40, 40, 40, 40, 40, 40, 0, 40, 40, 40, 40], [40, 40, 40, 40, 0, 40, 40, 40, 40, 40, 40, 40, 40, 40, 40, 40, 40, 40, 40, 40, 40, 40, 40, 40, 40, 0, 40, 40, 40, 40], [40, 40, 40, 40, 0, 40, 40, 40, 40, 40, 40, 40, 40, 40, 40, 40, 40, 40, 40, 40, 40, 40, 40, 40, 40, 0, 40, 40, 40, 40], [40, 40, 40, 40, 0, 40, 40, 40, 0, 0, 0, 0, 0, 0, 0, 0, 0, 0, 0, 0, 0, 0, 40, 40, 40, 0, 40, 40, 40, 40], [40, 40, 40, 40, 0, 40, 40, 40, 40, 40, 40, 40, 40, 40, 40, 40, 40, 40, 40, 40, 40, 40, 40, 40, 40, 0, 40, 40, 40, 40], [40, 40, 40, 40, 40, 40, 40, 40, 40, 40, 40, 40, 40, 40, 40, 40, 40, 40, 40, 40, 40, 40, 40, 40, 40, 40, 40, 40, 40, 40], [40, 40, 40, 40, 40, 40, 40, 40, 40, 40, 40, 40, 40, 40, 40, 40, 40, 40, 40, 40, 40, 40, 40, 40, 40, 40, 40, 40, 40, 40], [40, 40, 40, 40, 40, 40, 40, 40, 40, 40, 40, 40, 40, 40, 40, 40, 40, 40, 40, 40, 40, 40, 40, 40, 40, 40, 40, 40, 40, 40], [40, 40, 40, 40, 0, 0, 0, 0, 0, 0, 0, 0, 0, 0, 0, 0, 0, 0, 0, 0, 0, 0, 0, 0, 0, 0, 40, 40, 40, 40], [40, 40, 40, 40, 40, 40, 40, 40, 40, 40, 40, 40, 40, 40, 40, 40, 40, 40, 40, 40, 40, 40, 40, 40, 40, 40, 40, 40, 40, 40], [40, 40, 40, 40, 40, 40, 40, 40, 40, 40, 40, 40, 40, 40, 40, 40, 40, 40, 40, 40, 40, 40, 40, 40, 40, 40, 40, 40, 40, 40], [40, 40, 40, 40, 40, 40, 40, 40, 40, 40, 40, 40, 40, 40, 40, 40, 40, 40, 40, 40, 40, 40, 40, 40, 40, 40, 40, 40, 40, 40], [0, 0, 0, 0, 0, 0, 0, 0, 0, 0, 0, 0, 40, 40, 40, 40, 40, 40, 0, 0, 0, 0, 0, 0, 0, 0, 0, 0, 0, 0], [0, 0, 0, 0, 0, 0, 0, 0, 0, 0, 0, 0, 40, 40, 40, 40, 40, 40, 0, 0, 0, 0, 0, 0, 0, 0, 0, 0, 0, 0], [0, 0, 0, 0, 0, 40, 40, 40, 40, 40, 40, 40, 40, 40, 40, 40, 40, 40, 40, 40, 40, 40, 40, 40, 40, 0, 0, 0, 0, 0], [0, 0, 0, 0, 0, 40, 40, 40, 40, 40, 40, 40, 40, 40, 40, 40, 40, 40, 40, 40, 40, 40, 40, 40, 40, 0, 0, 0, 0, 0], [0, 0, 0, 0, 0, 40, 40, 40, 40, 40, 40, 40, 40, 40, 40, 40, 40, 40, 40, 40, 40, 40, 40, 40, 40, 0, 0, 0, 0, 0], [0, 40, 40, 40, 0, 40, 40, 40, 0, 0, 0, 0, 0, 0, 0, 0, 0, 0, 0, 0, 0, 0, 40, 40, 40, 0, 40, 40, 40, 0], [0, 40, 40, 40, 0, 40, 40, 40, 0, 40, 40, 40, 40, 40, 40, 40, 40, 40, 40, 40, 40, 0, 40, 40, 40, 0, 40, 40, 40, 0], [0, 40, 40, 40, 0, 40, 40, 40, 0, 40, 40, 40, 40, 40, 40, 40, 40, 40, 40, 40, 40, 0, 40, 40, 40, 0, 40, 40, 40, 0], [0, 40, 40, 40, 0, 40, 40, 40, 0, 40, 40, 40, 40, 40, 40, 40, 40, 40, 40, 40, 40, 0, 40, 40, 40, 0, 40, 40, 40, 0], [0, 40, 40, 40, 0, 40, 40, 40, 0, 40, 40, 0, 0, 0, 0, 0, 0, 0, 0, 40, 40, 0, 40, 40, 40, 0, 40, 40, 40, 0], [0, 40, 40, 40, 0, 40, 40, 40, 0, 40, 40, 0, 40, 40, 40, 40, 40, 40, 0, 40, 40, 0, 40, 40, 40, 0, 40, 40, 40, 0], [0, 40, 40, 40, 0, 40, 40, 40, 40, 40, 40, 0, 40, 40, 40, 40, 40, 40, 40, 40, 40, 0, 40, 40, 40, 0, 40, 40, 40, 0], [0, 40, 40, 40, 0, 40, 40, 40, 40, 40, 40, 0, 40, 40, 40, 40, 40, 40, 40, 40, 40, 0, 40, 40, 40, 0, 40, 40, 40, 0], [0, 40, 40, 40, 0, 40, 40, 40, 40, 40, 40, 0, 40, 40, 40, 0, 0, 0, 0, 0, 0, 0, 40, 40, 40, 0, 40, 40, 40, 0], [0, 40, 40, 40, 0, 40, 40, 40, 0, 0, 0, 0, 40, 40, 40, 0, 40, 40, 40, 40, 40, 40, 40, 40, 40, 0, 40, 40, 40, 0], [0, 40, 40, 40, 40, 40, 40, 40, 40, 40, 40, 0, 40, 40, 40, 0, 40, 40, 40, 40, 40, 40, 40, 40, 40, 0, 40, 40, 40, 0], [0, 40, 40, 40, 40, 40, 40, 40, 40, 40, 40, 0, 40, 40, 40, 0, 40, 40, 40, 40, 40, 40, 40, 40, 40, 0, 40, 40, 40, 0], [0, 40, 40, 40, 40, 40, 40, 40, 40, 40, 40, 0, 40, 0, 0, 0, 0, 0, 40, 0, 0, 0, 0, 0, 0, 0, 40, 40, 40, 0], [0, 0, 0, 0, 0, 0, 0, 0, 40, 40, 40, 0, 40, 40, 40, 40, 40, 40, 40, 0, 40, 40, 40, 40, 40, 40, 40, 40, 40, 0], [0, 40, 40, 40, 40, 40, 40, 40, 40, 40, 0, 0, 40, 40, 40, 40, 40, 40, 40, 0, 0, 40, 40, 40, 40, 40, 40, 40, 40, 0], [0, 40, 40, 40, 40, 40, 40, 40, 40, 40, 0, 40, 40, 40, 40, 40, 40, 40, 40, 40, 0, 40, 40, 40, 40, 40, 40, 40, 40, 0], [0, 40, 40, 40, 40, 40, 40, 40, 0, 0, 0, 40, 40, 40, 40, 40, 40, 40, 40, 40, 0, 0, 0, 0, 0, 0, 40, 40, 40, 0], [0, 40, 40, 40, 40, 40, 40, 40, 40, 40, 40, 40, 40, 40, 40, 40, 40, 40, 40, 40, 40, 40, 40, 40, 40, 40, 40, 40, 40, 0], [0, 0, 0, 0, 0, 0, 0, 0, 0, 0, 0, 0, 0, 0, 0, 0, 0, 0, 0, 0, 0, 0, 0, 0, 0, 0, 0, 0, 0, 0]]
-----------------------
##story##
Your captured ship leaves the harbor. The city's catapults are all destroyed, so the enemy can only attack you with their ships' catapults. After five minutes, your ship is damaged, but it is out of range and is still faster than the enemy ships. After two days, you arrive at an island. You rest and repair there, not realizing that the same nation that conquered Lindra is using the island as a base...
##classes##
soldier {'side':1,'aitype':1,'damage':8,'health':125,'range':1.6,'image':'Soldier.png','speed':0.1}
enemyarcher {'side':0,'aitype':0,'damage':7,'health':50,'range':50,'image':'Archer2.png','speed':0.033,'inacc':2,'desc':'enemy'}
##events##
setup 0 23.333 40 30
unit soldier 3.5 28
unit soldier 6.5 28
unit soldier 9.5 28
unit soldier 12.5 28
unit soldier 15.5 28
unit soldier 18.5 28
unit soldier 21.5 28
unit soldier 24.5 28
unit soldier 27.5 28
unit soldier 30.5 28
unit soldier 33.5 28
unit soldier 36.5 28
unit enemyarcher 3.5 1
unit enemyarcher 6.5 1
unit enemyarcher 9.5 1
unit enemyarcher 12.5 1
unit enemyarcher 15.5 1
unit enemyarcher 18.5 1
unit enemyarcher 21.5 1
unit enemyarcher 24.5 1
unit enemyarcher 27.5 1
unit enemyarcher 30.5 1
unit enemyarcher 33.5 1
unit enemyarcher 36.5 1
##terrain##
[[71, 71, 71, 71, 71, 61, 61, 61, 61, 61, 0, 0, 0, 0, 51, 40, 40, 40, 40, 40, 30, 30, 30, 30, 30, 20, 20, 20, 20, 20], [71, 71, 71, 71, 71, 61, 61, 61, 61, 61, 0, 0, 0, 0, 51, 40, 40, 40, 40, 40, 30, 30, 30, 30, 30, 20, 20, 20, 20, 20], [71, 71, 71, 71, 71, 61, 61, 61, 61, 61, 0, 0, 0, 0, 51, 40, 40, 40, 40, 40, 30, 30, 30, 30, 30, 20, 20, 20, 20, 20], [71, 71, 71, 71, 71, 61, 61, 61, 61, 61, 0, 0, 0, 0, 51, 40, 40, 40, 40, 0, 0, 0, 0, 0, 0, 20, 20, 20, 20, 20], [71, 71, 71, 71, 0, 0, 61, 61, 61, 61, 0, 0, 0, 0, 51, 40, 40, 40, 40, 0, 0, 0, 0, 0, 0, 20, 20, 20, 20, 20], [71, 71, 71, 0, 0, 0, 0, 61, 61, 61, 51, 51, 51, 51, 51, 40, 40, 40, 40, 40, 30, 30, 30, 0, 0, 20, 20, 20, 20, 20], [71, 71, 71, 71, 0, 0, 61, 61, 61, 61, 51, 51, 51, 51, 51, 40, 40, 40, 40, 40, 30, 30, 30, 0, 0, 20, 20, 20, 20, 20], [71, 71, 71, 71, 71, 61, 61, 61, 61, 61, 51, 51, 51, 51, 51, 40, 40, 40, 40, 40, 30, 30, 30, 0, 0, 20, 20, 20, 20, 20], [71, 71, 71, 71, 71, 61, 61, 61, 61, 61, 51, 51, 51, 51, 51, 40, 40, 40, 40, 40, 30, 30, 30, 0, 0, 20, 20, 20, 20, 20], [71, 71, 71, 71, 71, 61, 61, 61, 61, 61, 51, 51, 51, 51, 51, 40, 40, 40, 40, 40, 30, 30, 30, 0, 0, 20, 20, 20, 20, 20], [71, 71, 71, 71, 71, 61, 61, 61, 61, 61, 51, 51, 51, 51, 51, 40, 40, 40, 40, 40, 30, 30, 30, 30, 30, 20, 20, 20, 20, 20], [71, 71, 71, 71, 71, 61, 61, 0, 0, 0, 0, 51, 51, 51, 51, 40, 40, 40, 40, 40, 30, 30, 30, 30, 30, 20, 20, 20, 20, 20], [71, 71, 71, 71, 71, 61, 61, 0, 0, 0, 51, 51, 51, 51, 0, 0, 0, 0, 40, 40, 30, 30, 30, 30, 30, 20, 20, 20, 20, 20], [71, 71, 71, 71, 71, 61, 61, 0, 0, 0, 51, 51, 51, 51, 0, 0, 0, 0, 40, 40, 30, 30, 30, 30, 30, 20, 20, 20, 20, 20], [71, 71, 71, 71, 71, 61, 61, 0, 0, 0, 51, 51, 51, 51, 51, 40, 40, 40, 40, 40, 30, 30, 30, 30, 30, 20, 20, 20, 20, 20], [71, 71, 71, 71, 71, 61, 61, 61, 61, 61, 51, 51, 51, 51, 51, 40, 40, 40, 40, 40, 30, 30, 30, 30, 30, 20, 20, 20, 20, 20], [71, 71, 71, 71, 71, 61, 61, 61, 61, 61, 51, 51, 51, 51, 51, 40, 40, 40, 40, 40, 30, 30, 0, 0, 0, 0, 20, 20, 20, 20], [71, 71, 71, 71, 71, 61, 61, 61, 61, 61, 51, 51, 51, 51, 51, 40, 40, 40, 40, 40, 30, 30, 0, 0, 0, 20, 20, 20, 20, 20], [71, 71, 71, 71, 71, 61, 61, 61, 61, 61, 51, 51, 51, 51, 51, 40, 40, 40, 40, 40, 30, 30, 30, 30, 0, 20, 20, 20, 20, 20], [71, 71, 71, 71, 71, 61, 61, 61, 61, 61, 51, 51, 0, 0, 51, 40, 40, 40, 40, 40, 30, 30, 30, 30, 0, 20, 20, 20, 20, 20], [71, 71, 71, 71, 71, 61, 61, 61, 61, 61, 51, 51, 0, 0, 51, 40, 40, 40, 40, 40, 30, 30, 30, 30, 30, 20, 20, 20, 20, 20], [71, 71, 71, 71, 0, 0, 61, 61, 61, 61, 51, 51, 51, 51, 51, 40, 40, 40, 0, 0, 30, 30, 30, 30, 30, 20, 20, 20, 20, 20], [71, 71, 71, 0, 0, 0, 61, 61, 61, 61, 51, 51, 51, 51, 51, 40, 40, 40, 0, 0, 0, 0, 30, 30, 30, 20, 20, 20, 20, 20], [71, 71, 71, 0, 0, 61, 61, 61, 61, 61, 51, 51, 51, 51, 51, 40, 40, 40, 40, 40, 0, 0, 30, 30, 30, 20, 20, 20, 20, 20], [71, 71, 71, 71, 71, 61, 61, 61, 61, 61, 51, 51, 51, 51, 51, 40, 40, 40, 40, 40, 0, 0, 30, 30, 30, 20, 20, 20, 20, 20], [71, 71, 71, 71, 71, 61, 61, 61, 0, 0, 51, 51, 51, 51, 51, 40, 40, 40, 40, 40, 30, 30, 30, 30, 0, 0, 0, 20, 20, 20], [71, 71, 71, 71, 71, 61, 61, 61, 0, 0, 0, 51, 51, 51, 51, 40, 40, 40, 40, 40, 30, 30, 30, 30, 0, 0, 0, 20, 20, 20], [71, 71, 71, 71, 71, 61, 61, 61, 0, 0, 0, 0, 51, 51, 51, 40, 40, 40, 40, 40, 30, 30, 30, 30, 0, 0, 0, 20, 20, 20], [71, 71, 71, 71, 71, 61, 61, 61, 61, 0, 0, 0, 51, 51, 51, 40, 40, 40, 40, 40, 30, 30, 30, 30, 0, 0, 0, 20, 20, 20], [71, 71, 71, 71, 71, 61, 61, 61, 61, 61, 0, 0, 51, 51, 51, 40, 40, 0, 0, 0, 30, 30, 30, 30, 0, 0, 0, 20, 20, 20], [71, 71, 71, 71, 71, 61, 61, 61, 61, 61, 51, 51, 51, 51, 51, 40, 40, 0, 0, 0, 30, 30, 30, 30, 30, 20, 20, 20, 20, 20], [71, 71, 71, 71, 71, 61, 61, 61, 61, 61, 51, 51, 51, 51, 51, 40, 40, 0, 0, 0, 30, 30, 30, 30, 30, 20, 20, 20, 20, 20], [71, 71, 71, 71, 71, 61, 61, 61, 61, 61, 51, 51, 51, 51, 51, 40, 40, 40, 40, 40, 30, 30, 30, 30, 30, 20, 20, 20, 20, 20], [71, 71, 71, 71, 71, 61, 61, 0, 0, 61, 51, 51, 51, 51, 51, 40, 40, 40, 40, 40, 30, 30, 30, 30, 30, 20, 20, 20, 20, 20], [71, 71, 71, 71, 71, 61, 61, 61, 0, 0, 51, 51, 51, 51, 51, 40, 40, 40, 40, 40, 30, 30, 30, 30, 30, 0, 0, 20, 20, 20], [71, 71, 71, 71, 71, 61, 61, 61, 61, 61, 51, 51, 51, 51, 51, 40, 40, 0, 0, 0, 0, 30, 30, 30, 0, 0, 0, 20, 20, 20], [71, 71, 71, 0, 0, 0, 61, 61, 61, 61, 51, 51, 51, 51, 51, 40, 40, 40, 0, 0, 0, 30, 30, 30, 0, 0, 0, 20, 20, 20], [71, 71, 71, 0, 0, 0, 61, 61, 61, 61, 0, 0, 51, 51, 51, 40, 40, 40, 40, 0, 0, 30, 30, 30, 0, 0, 0, 20, 20, 20], [71, 71, 71, 0, 0, 0, 61, 61, 61, 61, 0, 0, 0, 51, 51, 40, 40, 40, 40, 0, 0, 30, 30, 30, 30, 20, 20, 20, 20, 20], [71, 71, 71, 71, 71, 61, 61, 61, 61, 61, 0, 0, 0, 51, 51, 40, 40, 40, 40, 0, 0, 30, 30, 30, 30, 20, 20, 20, 20, 20]]
-----------------------
##story##
You once again escape the island, just before the pursuing fleet catches up with you. You eventually arrive at a shore. However, the locals are not happy to see you...
##classes##
soldier {'side':1,'aitype':1,'damage':8,'health':125,'range':1.6,'image':'Soldier.png','speed':0.1,'desc':'friendly'}
enemysoldier {'side':0,'aitype':0,'damage':8,'health':125,'range':1.6,'image':'Soldier2.png','speed':0.1}
pikeman {'side':1,'aitype':1,'damage':8,'health':70,'range':2.5,'image':'Pikeman.png','speed':0.1,'cmult':0.5,'desc':'friendly'}
enemypikeman {'side':0,'aitype':0,'damage':8,'health':70,'range':2.5,'image':'Pikeman2.png','speed':0.1,'cmult':0.5}
catapult {'side':0,'aitype':0,'damage':18,'health':25,'range':50,'image':'Catapult.png','speed':0,'inacc':3}
##events##
setup 33.333 0 40 30
unit catapult 10 1.333
unit catapult 5 10
unit catapult 5 20
unit catapult 10 28.666
unit enemysoldier 24 5
unit enemysoldier 24 7
unit enemysoldier 24 9
unit enemysoldier 24 11
unit enemysoldier 24 13
unit enemysoldier 24 15
unit enemysoldier 24 17
unit enemysoldier 24 19
unit enemysoldier 24 21
unit enemysoldier 24 23
unit enemysoldier 24 25
unit enemypikeman 22.666 5 c$0.5
unit enemypikeman 22.666 7 c$0.5
unit enemypikeman 22.666 9 c$0.5
unit enemypikeman 22.666 11 c$0.5
unit enemypikeman 22.666 13 c$0.5
unit enemypikeman 22.666 15 c$0.5
unit enemypikeman 22.666 17 c$0.5
unit enemypikeman 22.666 19 c$0.5
unit enemypikeman 22.666 21 c$0.5
unit enemypikeman 22.666 23 c$0.5
unit enemypikeman 22.666 25 c$0.5
unit soldier 37.5 2
unit soldier 37.5 4
unit soldier 37.5 6
unit soldier 37.5 8
unit soldier 37.5 10
unit soldier 37.5 12
unit soldier 37.5 14
unit soldier 37.5 16
unit soldier 37.5 18
unit soldier 37.5 20
unit soldier 37.5 22
unit soldier 37.5 24
unit soldier 37.5 26
unit soldier 37.5 28
unit pikeman 38.5 2
unit pikeman 38.5 4
unit pikeman 38.5 6
unit pikeman 38.5 8
unit pikeman 38.5 10
unit pikeman 38.5 12
unit pikeman 38.5 14
unit pikeman 38.5 16
unit pikeman 38.5 18
unit pikeman 38.5 20
unit pikeman 38.5 22
unit pikeman 38.5 24
unit pikeman 38.5 26
unit pikeman 38.5 28
##terrain##
[[81, 81, 81, 81, 81, 81, 81, 81, 81, 81, 81, 81, 81, 81, 81, 81, 81, 81, 81, 81, 81, 81, 81, 81, 81, 81, 81, 81, 81, 81], [81, 81, 81, 81, 81, 81, 81, 81, 81, 81, 81, 81, 81, 81, 81, 81, 81, 81, 81, 81, 81, 81, 81, 81, 81, 81, 81, 81, 81, 81], [81, 81, 0, 0, 0, 0, 0, 81, 81, 81, 81, 81, 81, 81, 81, 81, 81, 81, 81, 81, 81, 81, 81, 81, 81, 81, 81, 81, 81, 81], [81, 81, 0, 0, 0, 0, 0, 81, 81, 81, 81, 81, 81, 81, 81, 81, 81, 81, 81, 81, 81, 81, 81, 81, 81, 81, 81, 81, 81, 81], [81, 81, 0, 0, 0, 0, 0, 81, 81, 81, 81, 81, 81, 81, 81, 81, 81, 81, 81, 81, 81, 81, 81, 81, 81, 81, 81, 81, 81, 81], [71, 71, 0, 0, 0, 0, 0, 71, 71, 71, 71, 71, 71, 71, 71, 71, 71, 71, 71, 71, 71, 71, 71, 71, 71, 71, 71, 71, 71, 71], [61, 61, 0, 0, 0, 0, 0, 61, 61, 61, 61, 61, 0, 0, 0, 0, 0, 0, 61, 61, 61, 61, 61, 61, 61, 61, 61, 61, 61, 61], [61, 61, 61, 61, 61, 61, 61, 61, 61, 61, 61, 61, 0, 0, 0, 0, 0, 0, 61, 61, 61, 61, 61, 61, 61, 61, 61, 61, 61, 61], [61, 61, 61, 61, 61, 61, 61, 61, 61, 61, 61, 61, 0, 0, 0, 0, 0, 0, 61, 61, 61, 61, 61, 61, 61, 61, 61, 61, 61, 61], [61, 61, 61, 61, 61, 61, 61, 61, 61, 61, 61, 61, 0, 0, 0, 0, 0, 0, 61, 61, 61, 61, 61, 61, 61, 61, 61, 61, 61, 61], [61, 61, 61, 61, 61, 61, 61, 61, 61, 61, 61, 61, 0, 0, 0, 0, 0, 0, 61, 61, 61, 61, 61, 61, 61, 61, 61, 61, 61, 61], [61, 61, 61, 61, 61, 61, 61, 61, 61, 61, 61, 61, 61, 61, 61, 61, 61, 61, 61, 61, 61, 61, 61, 61, 61, 61, 61, 61, 61, 61], [61, 61, 61, 61, 61, 61, 61, 61, 61, 61, 61, 61, 61, 61, 61, 61, 61, 61, 61, 61, 61, 61, 61, 61, 61, 61, 61, 61, 61, 61], [61, 61, 61, 61, 61, 61, 61, 61, 61, 61, 61, 61, 61, 61, 61, 61, 61, 61, 61, 61, 61, 61, 61, 61, 61, 61, 61, 61, 61, 61], [61, 61, 61, 61, 61, 61, 61, 61, 61, 61, 61, 61, 61, 61, 61, 61, 61, 61, 61, 61, 61, 61, 61, 61, 61, 61, 61, 61, 61, 61], [51, 51, 51, 51, 51, 51, 51, 51, 51, 51, 51, 51, 51, 51, 51, 51, 51, 51, 51, 51, 51, 51, 51, 51, 51, 51, 51, 51, 51, 51], [40, 40, 40, 40, 40, 40, 40, 40, 40, 40, 40, 40, 40, 40, 40, 40, 40, 40, 40, 40, 40, 40, 40, 40, 40, 40, 40, 40, 40, 40], [40, 40, 40, 40, 40, 0, 0, 0, 0, 0, 40, 40, 40, 40, 40, 40, 40, 40, 40, 40, 0, 0, 0, 0, 0, 40, 40, 40, 40, 40], [40, 40, 40, 40, 40, 0, 0, 0, 0, 0, 40, 40, 40, 40, 40, 40, 40, 40, 40, 40, 0, 0, 0, 0, 0, 40, 40, 40, 40, 40], [40, 40, 40, 40, 40, 0, 0, 0, 0, 0, 40, 40, 40, 40, 40, 40, 40, 40, 40, 40, 0, 0, 0, 0, 0, 40, 40, 40, 40, 40], [40, 40, 40, 40, 40, 0, 0, 0, 0, 0, 40, 40, 40, 40, 40, 40, 40, 40, 40, 40, 0, 0, 0, 0, 0, 40, 40, 40, 40, 40], [40, 40, 40, 40, 40, 0, 0, 0, 0, 0, 40, 40, 40, 40, 40, 40, 40, 40, 40, 40, 0, 0, 0, 0, 0, 40, 40, 40, 40, 40], [30, 30, 30, 30, 30, 30, 30, 30, 30, 30, 30, 30, 30, 30, 30, 30, 30, 30, 30, 30, 30, 30, 30, 30, 30, 30, 30, 30, 30, 30], [30, 30, 30, 30, 30, 30, 30, 30, 30, 30, 30, 30, 30, 30, 30, 30, 30, 30, 30, 30, 30, 30, 30, 30, 30, 30, 30, 30, 30, 30], [20, 20, 20, 20, 20, 20, 20, 20, 20, 20, 20, 20, 20, 20, 20, 20, 20, 20, 20, 20, 20, 20, 20, 20, 20, 20, 20, 20, 20, 20], [20, 20, 20, 20, 20, 20, 20, 20, 20, 20, 20, 20, 20, 20, 20, 20, 20, 20, 20, 20, 20, 20, 20, 20, 20, 20, 20, 20, 20, 20], [20, 20, 20, 20, 20, 20, 20, 20, 20, 20, 20, 20, 20, 20, 20, 20, 20, 20, 20, 20, 20, 20, 20, 20, 20, 20, 20, 20, 20, 20], [20, 20, 20, 20, 20, 20, 20, 20, 20, 20, 20, 20, 20, 20, 20, 20, 20, 20, 20, 20, 20, 20, 20, 20, 20, 20, 20, 20, 20, 20], [20, 20, 20, 20, 20, 20, 20, 20, 20, 20, 20, 20, 20, 20, 20, 20, 20, 20, 20, 20, 20, 20, 20, 20, 20, 20, 20, 20, 20, 20], [0, 0, 0, 0, 0, 0, 0, 0, 20, 20, 20, 20, 20, 20, 20, 20, 20, 20, 20, 20, 20, 20, 0, 0, 0, 0, 0, 0, 0, 0], [0, 0, 0, 0, 0, 0, 0, 0, 20, 20, 20, 20, 20, 20, 20, 20, 20, 20, 20, 20, 20, 20, 0, 0, 0, 0, 0, 0, 0, 0], [0, 0, 0, 0, 0, 0, 0, 0, 20, 20, 20, 20, 20, 20, 20, 20, 20, 20, 20, 20, 20, 20, 0, 0, 0, 0, 0, 0, 0, 0], [0, 0, 0, 0, 0, 0, 0, 0, 20, 20, 20, 20, 20, 20, 20, 20, 20, 20, 20, 20, 20, 20, 0, 0, 0, 0, 0, 0, 0, 0], [20, 20, 20, 20, 20, 20, 20, 20, 20, 20, 20, 20, 20, 20, 20, 20, 20, 20, 20, 20, 20, 20, 20, 20, 20, 20, 20, 20, 20, 20], [20, 20, 20, 20, 20, 20, 20, 20, 20, 20, 20, 20, 20, 20, 20, 20, 20, 20, 20, 20, 20, 20, 20, 20, 20, 20, 20, 20, 20, 20], [20, 20, 20, 20, 20, 20, 20, 20, 20, 20, 20, 20, 20, 20, 20, 20, 20, 20, 20, 20, 20, 20, 20, 20, 20, 20, 20, 20, 20, 20], [20, 20, 20, 20, 20, 20, 20, 20, 20, 20, 20, 20, 20, 20, 20, 20, 20, 20, 20, 20, 20, 20, 20, 20, 20, 20, 20, 20, 20, 20], [20, 20, 20, 20, 20, 20, 20, 20, 20, 20, 20, 20, 20, 20, 20, 20, 20, 20, 20, 20, 20, 20, 20, 20, 20, 20, 20, 20, 20, 20], [20, 20, 20, 20, 20, 20, 20, 20, 20, 20, 20, 20, 20, 20, 20, 20, 20, 20, 20, 20, 20, 20, 20, 20, 20, 20, 20, 20, 20, 20], [20, 20, 20, 20, 20, 20, 20, 20, 20, 20, 20, 20, 20, 20, 20, 20, 20, 20, 20, 20, 20, 20, 20, 20, 20, 20, 20, 20, 20, 20]]
-----------------------
##story##
The locals retreat and your people must now cross the mountains. However, the locals are not willing to give up. Your men eventually get caught in an ambush from the mountains. You make it into a defensive position but there's no way out, and enemies are rushing in through the tunnels from all sides. Collapsing the tunnels seems to be your only hope.
##classes##
soldier {'side':1,'aitype':1,'damage':8,'health':125,'range':1.6,'image':'Soldier.png','speed':0.1}
enemysoldier {'side':0,'aitype':0,'damage':8,'health':125,'range':1.6,'image':'Soldier2.png','speed':0.1}
zerker {'side':0,'aitype':0,'damage':10,'health':50,'range':1.6,'image':'Soldier2.png','speed':0.1}
zombie {'side':0,'aitype':0,'damage':7,'health':70,'range':1.6,'image':'Zombie.png','speed':0.1}
darkknight {'side':0,'aitype':0,'damage':40,'health':60,'range':1.6,'image':'Soldier3.png','speed':0.1}
archer {'side':1,'aitype':1,'damage':8,'health':50,'range':50,'image':'Archer.png','speed':0.067,'inacc':2}
enemyarcher {'side':0,'aitype':0,'damage':8,'health':50,'range':50,'image':'Archer2.png','speed':0.067,'inacc':2}
pikeman {'side':1,'aitype':1,'damage':8,'health':70,'range':2.5,'image':'Pikeman.png','speed':0.1,'cmult':0.5}
enemypikeman {'side':0,'aitype':0,'damage':8,'health':70,'range':2.5,'image':'Pikeman2.png','speed':0.1,'cmult':0.5}
nedoor {'side':0,'aitype':0,'damage':0,'health':100,'range':1,'image':'Door.png','speed':0,'desc':'ne'}
nwdoor {'side':0,'aitype':0,'damage':0,'health':100,'range':1,'image':'Door.png','speed':0,'desc':'nw'}
swdoor {'side':0,'aitype':0,'damage':0,'health':100,'range':1,'image':'Door.png','speed':0,'desc':'sw'}
##events##
setup 30 20 40 30
unit nedoor 35 1
unit nwdoor 1 1
unit swdoor 1 29
unit soldier 33.333 24.666
unit soldier 34.666 24.666
unit soldier 36 24.666
unit soldier 37.333 24.666
unit soldier 38.666 24.666
unit archer 33.333 26 b$0.95
unit archer 34.666 26 b$0.95
unit archer 36 26 b$0.95
unit archer 37.333 26 b$0.95
unit archer 38.666 26 b$0.95
whenever 300t360 do unit soldier 34.333 27
whenever 300t360 do unit soldier 35.666 27
whenever 300t360 do unit soldier 37 27
whenever 300t360 do unit pikeman 35 25.666 c$0.5
whenever 300t360 do unit pikeman 36.333 25.666 c$0.5
whenever 300t360 do unit archer 34.333 24.333 b$0.95
whenever 300t360 do unit archer 35.666 24.333 b$0.95
whenever 300t360 do unit archer 37 24.333 b$0.95
unit zerker 34.666 2 
unit zerker 36 2 
unit zerker 37.333 2 
unit zerker 38.666 2 
unit zerker 34.666 3.333 
unit zerker 36 3.333 
unit zerker 37.333 3.333 
unit zerker 38.666 3.333 
whenever 90t50 $ne do unit zombie 36.666 2 
whenever 440t1200 $ne do unit darkknight 37.333 1.333 
whenever 440t1100 $ne do unit darkknight 37.333 2.666 
whenever 440t1100 $ne do unit darkknight 38.666 1.333 
whenever 440t1100 $ne do unit darkknight 38.666 2.666 
unit enemysoldier 1.333 26.666
unit enemysoldier 2.666 26.666
unit enemysoldier 1.333 28
unit enemysoldier 2.666 28
whenever 480t660 $sw do unit enemysoldier 1.333 28
whenever 480t660 $sw do unit enemysoldier 2.666 28
whenever 480t660 $sw do unit enemysoldier 4 28
whenever 480t660 $sw do unit enemysoldier 5.333 28
whenever 480t660 $sw do unit enemypikeman 1.333 29.333 c$0.5
whenever 480t660 $sw do unit enemypikeman 2.666 29.333 c$0.5
whenever 480t660 $sw do unit enemypikeman 4 29.333 c$0.5
whenever 480t660 $sw do unit enemypikeman 5.333 29.333 c$0.5
whenever 2000t2000 $sw do unit darkknight 0.533 23.333
whenever 2000t2000 $sw do unit darkknight 1.466 23.333
whenever 2000t2000 $sw do unit darkknight 0.533 24.333
whenever 2000t2000 $sw do unit darkknight 1.466 24.333
whenever 2000t2000 $sw do unit darkknight 0.533 25.333
whenever 2000t2000 $sw do unit darkknight 1.466 25.333
whenever 2000t2000 $sw do unit darkknight 0.533 26.333
whenever 2000t2000 $sw do unit darkknight 1.466 26.333
unit enemysoldier 1.333 1.333
unit enemysoldier 2.666 1.333
unit enemysoldier 1.333 2.666
unit enemysoldier 2.666 2.666
whenever 200t220 $nw do unit enemysoldier 1.333 1.333
whenever 200t220 $nw do unit enemypikeman 2.666 1.333 c$0.5
whenever 200t110 $nw do unit enemyarcher 2 2.666 b$0.95
whenever 3000t2000 $nw do unit darkknight 0.533 3
whenever 3000t2000 $nw do unit darkknight 1.466 3
whenever 3000t2000 $nw do unit darkknight 0.533 4
whenever 3000t2000 $nw do unit darkknight 1.466 4
whenever 3000t2000 $nw do unit darkknight 0.533 5
whenever 3000t2000 $nw do unit darkknight 1.466 5
whenever 3000t2000 $nw do unit darkknight 0.533 6
whenever 3000t2000 $nw do unit darkknight 1.466 6
##terrain##
[[40, 40, 40, 40, 40, 40, 40, 40, 40, 40, 40, 0, 40, 40, 0, 40, 40, 40, 40, 40, 40, 40, 40, 40, 40, 40, 40, 40, 40, 40], [40, 40, 40, 40, 40, 40, 40, 40, 40, 40, 40, 0, 40, 40, 0, 40, 40, 40, 40, 40, 40, 40, 40, 40, 40, 40, 40, 40, 40, 40], [40, 40, 40, 0, 0, 0, 0, 0, 0, 0, 0, 0, 40, 40, 0, 40, 40, 40, 40, 0, 0, 0, 0, 0, 0, 0, 40, 40, 40, 40], [40, 40, 0, 0, 40, 40, 40, 40, 40, 40, 40, 40, 40, 40, 0, 40, 40, 40, 40, 0, 0, 0, 0, 0, 0, 0, 40, 40, 40, 40], [40, 40, 0, 40, 40, 40, 40, 40, 40, 40, 40, 40, 40, 40, 0, 40, 40, 40, 40, 0, 0, 0, 0, 0, 0, 0, 0, 0, 40, 40], [40, 40, 0, 40, 40, 0, 0, 0, 0, 0, 0, 0, 40, 40, 0, 40, 40, 40, 40, 0, 0, 0, 0, 0, 0, 0, 0, 0, 40, 40], [40, 40, 0, 40, 40, 40, 40, 40, 40, 40, 40, 0, 40, 40, 0, 40, 40, 40, 40, 0, 0, 0, 0, 0, 0, 0, 0, 0, 40, 40], [40, 40, 0, 40, 40, 40, 40, 40, 40, 40, 40, 0, 40, 40, 0, 40, 40, 40, 40, 0, 0, 0, 0, 0, 0, 0, 0, 0, 40, 40], [40, 40, 0, 0, 0, 0, 0, 0, 0, 40, 40, 0, 40, 40, 0, 40, 40, 40, 40, 40, 40, 40, 40, 40, 40, 40, 40, 40, 40, 40], [40, 40, 40, 40, 40, 40, 40, 40, 40, 40, 40, 0, 40, 40, 0, 40, 40, 40, 40, 40, 40, 40, 40, 40, 40, 40, 40, 40, 40, 40], [40, 40, 40, 40, 40, 40, 40, 40, 40, 40, 40, 0, 40, 40, 0, 0, 0, 0, 0, 0, 0, 0, 40, 40, 0, 0, 0, 0, 0, 0], [40, 40, 0, 0, 0, 0, 0, 0, 0, 40, 40, 0, 40, 40, 40, 40, 40, 40, 40, 40, 40, 40, 40, 40, 40, 40, 40, 40, 40, 40], [40, 40, 40, 40, 40, 40, 40, 40, 40, 40, 40, 0, 40, 40, 40, 40, 40, 40, 40, 40, 40, 40, 40, 40, 40, 40, 40, 40, 40, 40], [40, 40, 40, 40, 40, 40, 40, 40, 40, 40, 40, 0, 0, 0, 0, 0, 0, 40, 40, 40, 0, 0, 0, 0, 0, 0, 0, 40, 40, 40], [40, 40, 40, 40, 40, 40, 40, 40, 40, 40, 40, 40, 0, 0, 0, 0, 0, 40, 40, 40, 0, 0, 0, 0, 0, 0, 0, 40, 40, 40], [40, 0, 0, 0, 0, 0, 0, 0, 0, 0, 40, 40, 0, 0, 0, 0, 0, 40, 40, 40, 0, 0, 0, 0, 0, 0, 0, 40, 40, 40], [40, 0, 40, 40, 40, 40, 40, 40, 40, 0, 40, 40, 0, 0, 0, 0, 0, 40, 40, 40, 0, 0, 0, 0, 0, 0, 0, 40, 40, 40], [40, 0, 40, 40, 40, 40, 40, 40, 40, 0, 0, 40, 0, 0, 0, 0, 0, 40, 40, 40, 0, 0, 0, 0, 0, 0, 0, 40, 40, 40], [40, 0, 40, 40, 0, 40, 40, 0, 40, 40, 0, 40, 0, 0, 0, 0, 0, 40, 40, 40, 0, 0, 0, 0, 0, 0, 0, 40, 40, 40], [40, 0, 40, 40, 0, 40, 40, 0, 40, 40, 0, 40, 0, 0, 0, 0, 0, 40, 40, 40, 0, 0, 0, 0, 0, 0, 0, 40, 40, 40], [40, 0, 40, 40, 0, 40, 40, 0, 40, 40, 0, 40, 0, 0, 0, 0, 0, 40, 40, 40, 0, 0, 0, 0, 0, 0, 0, 40, 40, 40], [40, 0, 40, 40, 0, 40, 40, 0, 40, 40, 40, 40, 0, 0, 0, 0, 0, 40, 40, 40, 0, 0, 0, 0, 0, 0, 0, 40, 40, 40], [40, 0, 40, 40, 0, 40, 40, 0, 0, 0, 0, 0, 0, 0, 0, 0, 0, 40, 40, 40, 0, 0, 0, 0, 0, 0, 0, 40, 40, 40], [40, 0, 40, 40, 0, 40, 40, 40, 40, 40, 40, 40, 0, 0, 0, 0, 0, 40, 40, 40, 0, 0, 0, 0, 0, 0, 0, 40, 40, 40], [40, 40, 40, 40, 0, 40, 40, 40, 40, 40, 40, 40, 0, 0, 0, 0, 0, 40, 40, 40, 40, 0, 0, 0, 0, 0, 0, 40, 40, 40], [0, 0, 0, 0, 0, 40, 40, 40, 40, 40, 40, 40, 0, 0, 0, 0, 0, 40, 40, 40, 40, 40, 40, 40, 40, 40, 40, 40, 40, 40], [40, 40, 40, 40, 0, 0, 0, 0, 0, 0, 40, 40, 0, 0, 0, 0, 0, 0, 40, 40, 40, 40, 40, 40, 40, 40, 40, 40, 40, 40], [40, 40, 40, 40, 0, 0, 0, 0, 0, 0, 40, 40, 40, 40, 40, 40, 40, 0, 40, 40, 40, 40, 40, 40, 40, 40, 40, 40, 40, 40], [40, 40, 40, 40, 0, 0, 40, 40, 40, 40, 40, 40, 40, 40, 40, 40, 40, 0, 0, 0, 0, 0, 0, 40, 40, 40, 0, 0, 0, 0], [40, 40, 40, 40, 0, 0, 40, 40, 40, 40, 40, 40, 40, 40, 40, 40, 40, 40, 0, 0, 0, 0, 0, 40, 40, 40, 0, 0, 0, 0], [40, 40, 40, 40, 0, 0, 40, 40, 40, 40, 40, 40, 40, 40, 40, 40, 40, 40, 0, 0, 0, 0, 0, 40, 40, 40, 40, 40, 40, 40], [40, 40, 40, 40, 0, 0, 40, 40, 40, 40, 40, 40, 40, 40, 40, 40, 40, 40, 0, 0, 0, 0, 0, 40, 40, 40, 40, 40, 40, 40], [40, 40, 40, 40, 0, 0, 40, 40, 40, 40, 40, 40, 40, 40, 40, 40, 40, 40, 0, 0, 0, 0, 0, 0, 0, 0, 0, 0, 40, 40], [40, 40, 40, 40, 0, 0, 40, 40, 40, 40, 40, 40, 40, 40, 40, 40, 40, 40, 40, 40, 40, 40, 0, 40, 40, 40, 40, 40, 40, 40], [40, 40, 40, 40, 0, 0, 40, 40, 40, 40, 40, 40, 40, 40, 40, 40, 40, 40, 40, 40, 40, 40, 0, 40, 40, 40, 40, 40, 40, 40], [40, 40, 40, 40, 0, 0, 40, 40, 40, 40, 40, 40, 40, 40, 40, 40, 40, 40, 40, 40, 40, 40, 0, 40, 40, 40, 40, 40, 40, 40], [40, 40, 40, 40, 0, 0, 40, 40, 40, 40, 40, 40, 40, 40, 40, 40, 40, 40, 0, 0, 40, 40, 0, 40, 40, 40, 40, 40, 40, 40], [40, 40, 40, 40, 0, 0, 40, 40, 40, 40, 40, 40, 40, 40, 40, 40, 40, 40, 0, 0, 40, 40, 0, 40, 40, 40, 40, 0, 0, 0], [40, 40, 40, 40, 40, 40, 40, 40, 40, 40, 40, 40, 40, 40, 40, 40, 40, 40, 0, 0, 40, 40, 40, 40, 40, 40, 40, 0, 0, 0], [40, 40, 40, 40, 40, 40, 40, 40, 40, 40, 40, 40, 40, 40, 40, 40, 40, 40, 0, 0, 40, 40, 40, 40, 40, 40, 40, 0, 0, 0]]
-----------------------
##story##
After the victory in the mountains, your men continue to get harassed but eventually you are at the edge of the mountain range. The locals decide to make one last stand...
##classes##
soldier {'side':1,'aitype':1,'damage':8,'health':125,'range':1.6,'image':'Soldier.png','speed':0.1}
enemyarcher {'side':0,'aitype':0,'damage':6,'health':40,'range':50,'image':'Archer2.png','speed':0.067,'inacc':2}
catapult {'side':0,'aitype':0,'damage':8,'health':30,'range':50,'image':'Catapult.png','speed':0}
##events##
setup 34.666 8 40 22
unit soldier 36.333 10.5
unit soldier 36.333 11.5
unit soldier 36.333 12.5
unit soldier 36.333 13.5
unit soldier 36.333 14.5
unit soldier 36.333 15.5
unit soldier 36.333 16.5
unit soldier 36.333 17.5
unit soldier 36.333 18.5
unit soldier 36.333 19.5
unit soldier 37.333 10.5
unit soldier 37.333 11.5
unit soldier 37.333 12.5
unit soldier 37.333 13.5
unit soldier 37.333 14.5
unit soldier 37.333 15.5
unit soldier 37.333 16.5
unit soldier 37.333 17.5
unit soldier 37.333 18.5
unit soldier 37.333 19.5
unit enemyarcher 2 8
unit enemyarcher 4 10
unit enemyarcher 5.333 12
unit enemyarcher 5.333 14
unit enemyarcher 5.333 16
unit enemyarcher 5.333 18
unit enemyarcher 4 20
unit enemyarcher 2 22
unit catapult 36.666 3.333
unit catapult 36.666 26.666
unit catapult 3.333 3.333
unit catapult 3.333 26.666
##terrain##
[[40, 40, 40, 40, 40, 40, 40, 40, 40, 40, 40, 40, 40, 40, 40, 40, 40, 40, 40, 40, 40, 40, 40, 40, 40, 40, 40, 40, 40, 40], [40, 40, 40, 40, 40, 40, 40, 40, 40, 40, 40, 40, 40, 40, 40, 40, 40, 40, 40, 40, 40, 40, 40, 40, 40, 40, 40, 40, 40, 40], [40, 40, 40, 40, 40, 40, 40, 40, 40, 40, 40, 40, 40, 40, 40, 40, 40, 40, 40, 40, 40, 40, 40, 40, 40, 40, 40, 40, 40, 40], [40, 40, 40, 40, 40, 40, 40, 40, 40, 40, 40, 40, 40, 40, 40, 40, 40, 40, 40, 40, 40, 40, 40, 40, 40, 40, 40, 40, 40, 40], [40, 40, 40, 40, 40, 40, 40, 40, 40, 40, 40, 40, 40, 40, 40, 40, 40, 40, 40, 40, 40, 40, 40, 40, 40, 40, 40, 40, 40, 40], [40, 40, 40, 40, 40, 40, 40, 40, 40, 40, 40, 40, 40, 40, 40, 40, 40, 40, 40, 40, 40, 40, 40, 40, 40, 40, 40, 40, 40, 40], [40, 40, 40, 40, 40, 40, 40, 40, 40, 40, 0, 0, 0, 0, 0, 0, 0, 0, 0, 0, 0, 40, 40, 40, 40, 40, 40, 40, 40, 40], [40, 40, 40, 40, 40, 40, 40, 40, 40, 40, 0, 0, 0, 0, 0, 0, 0, 0, 0, 0, 0, 40, 40, 40, 40, 40, 40, 40, 40, 40], [20, 40, 40, 40, 40, 40, 40, 40, 40, 40, 0, 0, 0, 0, 0, 0, 0, 0, 0, 0, 0, 40, 40, 40, 40, 40, 40, 40, 40, 40], [20, 20, 40, 40, 40, 40, 40, 40, 40, 40, 0, 0, 0, 0, 0, 0, 0, 0, 0, 0, 0, 40, 40, 40, 40, 40, 40, 40, 40, 20], [20, 20, 20, 40, 40, 40, 40, 40, 40, 40, 0, 0, 0, 0, 0, 0, 0, 0, 0, 0, 0, 40, 40, 40, 40, 40, 40, 40, 20, 20], [20, 20, 20, 20, 40, 40, 40, 40, 40, 40, 0, 0, 0, 0, 0, 0, 0, 0, 0, 0, 0, 40, 40, 40, 40, 40, 40, 20, 20, 20], [20, 20, 20, 20, 20, 40, 40, 40, 40, 40, 0, 0, 0, 0, 0, 0, 0, 0, 0, 0, 0, 40, 40, 40, 40, 40, 20, 20, 20, 20], [20, 20, 20, 20, 20, 20, 40, 40, 40, 40, 0, 0, 0, 0, 0, 0, 0, 0, 0, 0, 0, 40, 40, 40, 40, 20, 20, 20, 20, 20], [20, 20, 20, 20, 20, 20, 20, 40, 40, 40, 0, 0, 0, 0, 0, 0, 0, 0, 0, 0, 0, 40, 40, 40, 20, 20, 20, 20, 20, 20], [20, 20, 20, 20, 20, 20, 20, 20, 40, 40, 0, 0, 0, 0, 0, 0, 0, 0, 0, 0, 0, 40, 40, 20, 20, 20, 20, 20, 20, 20], [20, 20, 20, 20, 20, 20, 20, 20, 20, 40, 0, 0, 0, 0, 0, 0, 0, 0, 0, 0, 0, 40, 20, 20, 20, 20, 20, 20, 20, 20], [20, 20, 20, 20, 20, 20, 20, 20, 20, 20, 0, 0, 0, 0, 0, 0, 0, 0, 0, 0, 0, 20, 20, 20, 20, 20, 20, 20, 20, 20], [20, 20, 20, 20, 20, 20, 20, 20, 20, 20, 0, 0, 0, 0, 0, 0, 0, 0, 0, 0, 0, 20, 20, 20, 20, 20, 20, 20, 20, 20], [0, 0, 20, 20, 20, 20, 20, 20, 20, 20, 0, 0, 0, 0, 0, 0, 0, 0, 0, 0, 0, 20, 20, 20, 20, 20, 20, 20, 20, 20], [0, 0, 0, 0, 20, 20, 20, 20, 20, 20, 0, 0, 0, 0, 0, 0, 0, 0, 0, 0, 20, 20, 20, 20, 20, 20, 20, 20, 20, 20], [0, 0, 0, 0, 0, 0, 20, 20, 20, 20, 20, 0, 0, 0, 0, 0, 0, 0, 0, 0, 20, 20, 20, 20, 20, 20, 20, 20, 20, 20], [0, 0, 0, 0, 0, 0, 0, 20, 20, 20, 20, 0, 0, 0, 0, 0, 0, 0, 0, 0, 20, 20, 20, 20, 20, 20, 0, 0, 0, 0], [0, 0, 0, 0, 0, 0, 0, 20, 20, 20, 20, 0, 0, 0, 0, 0, 0, 0, 0, 0, 20, 20, 0, 0, 0, 0, 0, 0, 0, 0], [0, 0, 0, 0, 0, 0, 20, 20, 20, 20, 20, 0, 0, 0, 0, 0, 0, 0, 0, 0, 20, 20, 0, 0, 0, 0, 0, 0, 0, 0], [0, 0, 0, 0, 0, 20, 20, 20, 20, 20, 20, 0, 0, 0, 0, 0, 0, 0, 0, 0, 20, 20, 20, 20, 20, 20, 0, 0, 0, 0], [0, 0, 0, 0, 20, 20, 20, 20, 20, 20, 20, 20, 20, 20, 20, 20, 20, 20, 20, 20, 20, 20, 20, 20, 20, 20, 20, 20, 20, 20], [0, 0, 0, 20, 20, 20, 20, 20, 20, 20, 20, 20, 20, 20, 20, 20, 20, 20, 20, 20, 20, 20, 20, 20, 20, 20, 20, 20, 20, 20], [0, 0, 61, 61, 61, 61, 61, 0, 0, 20, 20, 20, 20, 20, 20, 20, 20, 20, 20, 20, 20, 20, 0, 0, 61, 61, 61, 61, 61, 61], [0, 61, 61, 61, 61, 61, 61, 0, 0, 20, 20, 20, 20, 20, 20, 20, 20, 20, 20, 20, 20, 20, 0, 0, 61, 61, 61, 61, 61, 61], [61, 61, 61, 61, 61, 61, 61, 0, 0, 20, 20, 20, 20, 20, 20, 20, 20, 20, 20, 20, 20, 20, 0, 0, 61, 61, 61, 61, 61, 61], [61, 61, 61, 61, 61, 61, 61, 0, 0, 20, 20, 20, 20, 20, 20, 20, 20, 20, 20, 20, 20, 20, 0, 0, 61, 61, 61, 61, 61, 61], [61, 61, 61, 61, 61, 61, 61, 0, 0, 20, 20, 20, 20, 20, 20, 20, 20, 20, 20, 20, 20, 20, 0, 0, 61, 61, 61, 61, 61, 61], [61, 61, 61, 61, 61, 61, 61, 0, 0, 20, 20, 20, 20, 20, 20, 20, 20, 20, 20, 20, 20, 20, 0, 0, 61, 61, 61, 61, 61, 61], [61, 61, 61, 61, 61, 61, 61, 0, 0, 20, 20, 20, 20, 20, 20, 20, 20, 20, 20, 20, 20, 20, 0, 0, 61, 61, 61, 61, 61, 61], [61, 61, 61, 61, 61, 61, 61, 0, 0, 20, 20, 20, 20, 20, 20, 20, 20, 20, 20, 20, 20, 20, 0, 0, 61, 61, 61, 61, 61, 61], [61, 61, 61, 61, 61, 61, 61, 0, 0, 20, 20, 20, 20, 20, 20, 20, 20, 20, 20, 20, 20, 20, 0, 0, 61, 61, 61, 61, 61, 61], [61, 61, 61, 61, 61, 61, 61, 0, 0, 20, 20, 20, 20, 20, 20, 20, 20, 20, 20, 20, 20, 20, 0, 0, 61, 61, 61, 61, 61, 61], [61, 61, 61, 61, 61, 61, 61, 0, 0, 20, 20, 20, 20, 20, 20, 20, 20, 20, 20, 20, 20, 20, 0, 0, 61, 61, 61, 61, 61, 61], [61, 61, 61, 61, 61, 61, 61, 0, 0, 20, 20, 20, 20, 20, 20, 20, 20, 20, 20, 20, 20, 20, 0, 0, 61, 61, 61, 61, 61, 61]]
-----------------------
##story##
After three weeks of marching through the plains, you are once again assaulted by an enemy army. This time, however, you have one advantage: cavalry.
##classes##
soldier {'side':1,'aitype':1,'damage':8,'health':125,'range':1.6,'image':'Soldier.png','speed':0.1,'desc':'friendly'}
enemysoldier {'side':0,'aitype':0,'damage':8,'health':125,'range':1.6,'image':'Soldier2.png','speed':0.1}
pikeman {'side':1,'aitype':1,'damage':8,'health':70,'range':2.5,'image':'Pikeman.png','speed':0.1,'cmult':0.5,'desc':'friendly'}
enemypikeman {'side':0,'aitype':0,'damage':8,'health':70,'range':2.5,'image':'Pikeman2.png','speed':0.1,'cmult':0.5}
horseman {'side':1,'aitype':1,'damage':11,'health':60,'range':2.5,'image':'Horseman.png','speed':0.2,'cmult':1,'bmult':0.5}
##events##
setup 26.666 0 40 30
unit soldier 31 1
unit soldier 31 2.333
unit soldier 31 3.666
unit soldier 31 5
unit soldier 31 6.333
unit soldier 31 7.666
unit soldier 31 9
unit soldier 31 10.333
unit soldier 31 11.666
unit soldier 31 13
unit soldier 31 14.333
unit soldier 31 15.666
unit soldier 31 17
unit soldier 31 18.333
unit soldier 31 19.666
unit soldier 31 21
unit soldier 31 22.333
unit soldier 31 23.666
unit soldier 31 25
unit soldier 31 26.333
unit soldier 31 27.666
unit soldier 31 29
unit pikeman 32 1 c$0.5
unit pikeman 32 2.333 c$0.5
unit pikeman 32 3.666 c$0.5
unit pikeman 32 5 c$0.5
unit pikeman 32 6.333 c$0.5
unit pikeman 32 7.666 c$0.5
unit pikeman 32 9 c$0.5
unit pikeman 32 10.333 c$0.5
unit pikeman 32 11.666 c$0.5
unit pikeman 32 13 c$0.5
unit pikeman 32 14.333 c$0.5
unit pikeman 32 15.666 c$0.5
unit pikeman 32 17 c$0.5
unit pikeman 32 18.333 c$0.5
unit pikeman 32 19.666 c$0.5
unit pikeman 32 21 c$0.5
unit pikeman 32 22.333 c$0.5
unit pikeman 32 23.666 c$0.5
unit pikeman 32 25 c$0.5
unit pikeman 32 26.333 c$0.5
unit pikeman 32 27.666 c$0.5
unit pikeman 32 29 c$0.5
unit horseman 37.666 1
unit horseman 37.666 3
unit horseman 37.666 5
unit horseman 37.666 7
unit horseman 37.666 9
unit horseman 37.666 11
unit horseman 37.666 13
unit horseman 37.666 15
unit horseman 37.666 17
unit horseman 37.666 19
unit horseman 37.666 21
unit horseman 37.666 23
unit horseman 37.666 25
unit horseman 37.666 27
unit horseman 37.666 29
unit enemysoldier 16 2.333
unit enemysoldier 16 3.666
unit enemysoldier 16 5
unit enemysoldier 16 6.333
unit enemysoldier 16 7.666
unit enemysoldier 16 9
unit enemysoldier 16 10.333
unit enemysoldier 16 11.666
unit enemysoldier 16 13
unit enemysoldier 16 14.333
unit enemysoldier 16 15.666
unit enemysoldier 16 17
unit enemysoldier 16 18.333
unit enemysoldier 16 19.666
unit enemysoldier 16 21
unit enemysoldier 16 22.333
unit enemysoldier 16 23.666
unit enemysoldier 16 25
unit enemysoldier 16 26.333
unit enemysoldier 16 27.666
unit enemysoldier 16 29
unit enemypikeman 15 1 c$0.5
unit enemypikeman 15 2.333 c$0.5
unit enemypikeman 15 3.666 c$0.5
unit enemypikeman 15 5 c$0.5
unit enemypikeman 15 6.333 c$0.5
unit enemypikeman 15 7.666 c$0.5
unit enemypikeman 15 9 c$0.5
unit enemypikeman 15 10.333 c$0.5
unit enemypikeman 15 11.666 c$0.5
unit enemypikeman 15 13 c$0.5
unit enemypikeman 15 14.333 c$0.5
unit enemypikeman 15 15.666 c$0.5
unit enemypikeman 15 17 c$0.5
unit enemypikeman 15 18.333 c$0.5
unit enemypikeman 15 19.666 c$0.5
unit enemypikeman 15 21 c$0.5
unit enemypikeman 15 22.333 c$0.5
unit enemypikeman 15 23.666 c$0.5
unit enemypikeman 15 25 c$0.5
unit enemypikeman 15 26.333 c$0.5
unit enemypikeman 15 27.666 c$0.5
unit enemypikeman 15 29 c$0.5
unit enemypikeman 14 1 c$0.5
unit enemypikeman 14 2.333 c$0.5
unit enemypikeman 14 3.666 c$0.5
unit enemypikeman 14 5 c$0.5
unit enemypikeman 14 6.333 c$0.5
unit enemypikeman 14 7.666 c$0.5
unit enemypikeman 14 9 c$0.5
unit enemypikeman 14 10.333 c$0.5
unit enemypikeman 14 11.666 c$0.5
unit enemypikeman 14 13 c$0.5
unit enemypikeman 14 14.333 c$0.5
unit enemypikeman 14 15.666 c$0.5
unit enemypikeman 14 17 c$0.5
unit enemypikeman 14 18.333 c$0.5
unit enemypikeman 14 19.666 c$0.5
unit enemypikeman 14 21 c$0.5
unit enemypikeman 14 22.333 c$0.5
unit enemypikeman 14 23.666 c$0.5
unit enemypikeman 14 25 c$0.5
unit enemypikeman 14 26.333 c$0.5
unit enemypikeman 14 27.666 c$0.5
unit enemypikeman 14 29 c$0.5
##terrain##
[[40, 40, 40, 40, 40, 40, 40, 40, 40, 40, 40, 40, 40, 40, 40, 40, 40, 40, 40, 40, 40, 40, 40, 40, 40, 40, 40, 40, 40, 40], [40, 40, 40, 40, 40, 40, 40, 40, 40, 40, 40, 40, 40, 40, 40, 40, 40, 40, 40, 40, 40, 40, 40, 40, 40, 40, 40, 40, 40, 40], [40, 40, 40, 40, 40, 40, 40, 40, 40, 40, 40, 40, 40, 40, 40, 40, 40, 40, 40, 40, 40, 40, 40, 40, 40, 40, 40, 40, 40, 40], [51, 51, 51, 51, 51, 51, 51, 51, 51, 51, 51, 51, 51, 51, 51, 51, 51, 51, 51, 51, 51, 51, 51, 51, 51, 51, 51, 51, 51, 51], [51, 51, 51, 51, 51, 51, 51, 51, 51, 51, 51, 51, 51, 51, 51, 51, 51, 51, 51, 51, 51, 51, 51, 51, 51, 51, 51, 51, 51, 51], [61, 61, 61, 61, 61, 61, 61, 61, 61, 61, 61, 61, 61, 61, 61, 61, 61, 61, 61, 61, 61, 61, 61, 61, 61, 61, 61, 61, 61, 61], [35, 35, 35, 35, 35, 35, 35, 35, 35, 35, 35, 35, 35, 35, 35, 35, 35, 35, 35, 35, 35, 35, 35, 35, 35, 35, 35, 35, 35, 35], [35, 35, 35, 35, 35, 35, 35, 35, 35, 35, 35, 35, 35, 35, 35, 35, 35, 35, 35, 35, 35, 35, 35, 35, 35, 35, 35, 35, 35, 35], [35, 35, 35, 35, 35, 35, 35, 35, 35, 35, 35, 35, 35, 35, 35, 35, 35, 35, 35, 35, 35, 35, 35, 35, 35, 35, 35, 35, 35, 35], [40, 40, 40, 40, 40, 40, 40, 40, 40, 40, 40, 40, 40, 40, 40, 40, 40, 40, 40, 40, 40, 40, 40, 40, 40, 40, 40, 40, 40, 40], [40, 40, 40, 40, 40, 40, 40, 40, 40, 40, 40, 40, 40, 40, 40, 40, 40, 40, 40, 40, 40, 40, 40, 40, 40, 40, 40, 40, 40, 40], [40, 40, 40, 40, 40, 40, 40, 40, 40, 40, 40, 40, 40, 40, 40, 40, 40, 40, 40, 40, 40, 40, 40, 40, 40, 40, 40, 40, 40, 40], [51, 51, 51, 51, 51, 51, 51, 51, 51, 51, 51, 51, 51, 51, 51, 51, 51, 51, 51, 51, 51, 51, 51, 51, 51, 51, 51, 51, 51, 51], [51, 51, 51, 51, 51, 51, 51, 51, 51, 51, 51, 51, 51, 51, 51, 51, 51, 51, 51, 51, 51, 51, 51, 51, 51, 51, 51, 51, 51, 51], [61, 61, 61, 61, 61, 61, 61, 61, 61, 61, 61, 61, 61, 61, 61, 61, 61, 61, 61, 61, 61, 61, 61, 61, 61, 61, 61, 61, 61, 61], [35, 35, 35, 35, 35, 35, 35, 35, 35, 35, 35, 35, 35, 35, 35, 35, 35, 35, 35, 35, 35, 35, 35, 35, 35, 35, 35, 35, 35, 35], [35, 35, 35, 35, 35, 35, 35, 35, 35, 35, 35, 35, 35, 35, 35, 35, 35, 35, 35, 35, 35, 35, 35, 35, 35, 35, 35, 35, 35, 35], [35, 35, 35, 35, 35, 35, 35, 35, 35, 35, 35, 35, 35, 35, 35, 35, 35, 35, 35, 35, 35, 35, 35, 35, 35, 35, 35, 35, 35, 35], [40, 40, 40, 40, 40, 40, 40, 40, 40, 40, 40, 40, 40, 40, 40, 40, 40, 40, 40, 40, 40, 40, 40, 40, 40, 40, 40, 40, 40, 40], [40, 40, 40, 40, 40, 40, 40, 40, 40, 40, 40, 40, 40, 40, 40, 40, 40, 40, 40, 40, 40, 40, 40, 40, 40, 40, 40, 40, 40, 40], [40, 40, 40, 40, 40, 40, 40, 40, 40, 40, 40, 40, 40, 40, 40, 40, 40, 40, 40, 40, 40, 40, 40, 40, 40, 40, 40, 40, 40, 40], [51, 51, 51, 51, 51, 51, 51, 51, 51, 51, 51, 51, 51, 51, 51, 51, 51, 51, 51, 51, 51, 51, 51, 51, 51, 51, 51, 51, 51, 51], [51, 51, 51, 51, 51, 51, 51, 51, 51, 51, 51, 51, 51, 51, 51, 51, 51, 51, 51, 51, 51, 51, 51, 51, 51, 51, 51, 51, 51, 51], [61, 61, 61, 61, 61, 61, 61, 61, 61, 61, 61, 61, 61, 61, 61, 61, 61, 61, 61, 61, 61, 61, 61, 61, 61, 61, 61, 61, 61, 61], [35, 35, 35, 35, 35, 35, 35, 35, 35, 35, 35, 35, 35, 35, 35, 35, 35, 35, 35, 35, 35, 35, 35, 35, 35, 35, 35, 35, 35, 35], [35, 35, 35, 35, 35, 35, 35, 35, 35, 35, 35, 35, 35, 35, 35, 35, 35, 35, 35, 35, 35, 35, 35, 35, 35, 35, 35, 35, 35, 35], [35, 35, 35, 35, 35, 35, 35, 35, 35, 35, 35, 35, 35, 35, 35, 35, 35, 35, 35, 35, 35, 35, 35, 35, 35, 35, 35, 35, 35, 35], [40, 40, 40, 40, 40, 40, 40, 40, 40, 40, 40, 40, 40, 40, 40, 40, 40, 40, 40, 40, 40, 40, 40, 40, 40, 40, 40, 40, 40, 40], [40, 40, 40, 40, 40, 40, 40, 40, 40, 40, 40, 40, 40, 40, 40, 40, 40, 40, 40, 40, 40, 40, 40, 40, 40, 40, 40, 40, 40, 40], [40, 40, 40, 40, 40, 40, 40, 40, 40, 40, 40, 40, 40, 40, 40, 40, 40, 40, 40, 40, 40, 40, 40, 40, 40, 40, 40, 40, 40, 40], [51, 51, 51, 51, 51, 51, 51, 51, 51, 51, 51, 51, 51, 51, 51, 51, 51, 51, 51, 51, 51, 51, 51, 51, 51, 51, 51, 51, 51, 51], [51, 51, 51, 51, 51, 51, 51, 51, 51, 51, 51, 51, 51, 51, 51, 51, 51, 51, 51, 51, 51, 51, 51, 51, 51, 51, 51, 51, 51, 51], [61, 61, 61, 61, 61, 61, 61, 61, 61, 61, 61, 61, 61, 61, 61, 61, 61, 61, 61, 61, 61, 61, 61, 61, 61, 61, 61, 61, 61, 61], [35, 35, 35, 35, 35, 35, 35, 35, 35, 35, 35, 35, 35, 35, 35, 35, 35, 35, 35, 35, 35, 35, 35, 35, 35, 35, 35, 35, 35, 35], [35, 35, 35, 35, 35, 35, 35, 35, 35, 35, 35, 35, 35, 35, 35, 35, 35, 35, 35, 35, 35, 35, 35, 35, 35, 35, 35, 35, 35, 35], [35, 35, 35, 35, 35, 35, 35, 35, 35, 35, 35, 35, 35, 35, 35, 35, 35, 35, 35, 35, 35, 35, 35, 35, 35, 35, 35, 35, 35, 35], [40, 40, 40, 40, 40, 40, 40, 40, 40, 40, 40, 40, 40, 40, 40, 40, 40, 40, 40, 40, 40, 40, 40, 40, 40, 40, 40, 40, 40, 40], [40, 40, 40, 40, 40, 40, 40, 40, 40, 40, 40, 40, 40, 40, 40, 40, 40, 40, 40, 40, 40, 40, 40, 40, 40, 40, 40, 40, 40, 40], [40, 40, 40, 40, 40, 40, 40, 40, 40, 40, 40, 40, 40, 40, 40, 40, 40, 40, 40, 40, 40, 40, 40, 40, 40, 40, 40, 40, 40, 40], [51, 51, 51, 51, 51, 51, 51, 51, 51, 51, 51, 51, 51, 51, 51, 51, 51, 51, 51, 51, 51, 51, 51, 51, 51, 51, 51, 51, 51, 51]]
-----------------------
##story##
The journey continues, and you arrive at a mine. You observe the mine for a few hours and notice that slaves are being used. Discipline is difficult -  a whip is heard every other minute, and the slaves do not look happy to be there. What a perfect opportunity to rescue some innocent people and bolster your army with people eager to kill your enemy.
##classes##
soldier {'side':1,'aitype':1,'damage':8,'health':125,'range':1.6,'image':'Soldier.png','speed':0.1,'desc':'friendly'}
enemysoldier {'side':0,'aitype':0,'damage':8,'health':125,'range':1.6,'image':'Soldier2.png','speed':0.1}
pikeman {'side':1,'aitype':1,'damage':8,'health':70,'range':2.5,'image':'Pikeman.png','speed':0.1,'cmult':0.5,'desc':'friendly'}
enemypikeman {'side':0,'aitype':0,'damage':8,'health':70,'range':2.5,'image':'Pikeman2.png','speed':0.1,'cmult':0.5}
catapult {'side':0,'aitype':0,'damage':30,'health':50,'range':50,'image':'Catapult.png','speed':0,'inacc':3}
civilian {'side':1,'aitype':1,'damage':7,'health':72,'range':1.6,'image':'Civilian.png','speed':0.1,'desc':'friendly'}
##events##
setup 30 25 40 30
unit soldier 30.466 25.466
unit soldier 30.466 26.466
unit soldier 30.466 27.466
unit soldier 30.466 28.466
unit soldier 30.466 29.466
unit soldier 31.466 25.466
unit soldier 31.466 26.466
unit soldier 31.466 27.466
unit soldier 31.466 28.466
unit soldier 31.466 29.466
unit pikeman 32.466 25.466
unit pikeman 32.466 26.466
unit pikeman 32.466 27.466
unit pikeman 32.466 28.466
unit pikeman 32.466 29.466
unit pikeman 33.466 25.466
unit pikeman 33.466 26.466
unit pikeman 33.466 27.466
unit pikeman 33.466 28.466
unit pikeman 33.466 29.466
unit catapult 25.466 13
unit catapult 25.466 15
unit catapult 12.466 13
unit catapult 12.466 15
unit catapult 17.466 9.466
unit catapult 20.466 18.466
unit catapult 17.466 18.466
unit catapult 20.466 9.466
unit enemysoldier 36.466 5.466
unit enemysoldier 37.466 5.466
unit enemysoldier 38.466 5.466
unit enemysoldier 39.466 5.466
unit enemypikeman 36.466 4.466 c$0.5
unit enemypikeman 37.466 4.466 c$0.5
unit enemypikeman 38.466 4.466 c$0.5
unit enemypikeman 39.466 4.466 c$0.5
unit enemysoldier 12 25.466
unit enemysoldier 12 26.466
unit enemysoldier 12 27.466
unit enemysoldier 12 28.466
unit enemysoldier 12 29.466
unit enemypikeman 11 25.466 c$0.5
unit enemypikeman 11 26.466 c$0.5
unit enemypikeman 11 27.466 c$0.5
unit enemypikeman 11 28.466 c$0.5
unit enemypikeman 11 29.466 c$0.5
unit enemysoldier 4.466 0.466
unit enemysoldier 4.466 1.466
unit enemysoldier 4.466 2.466
unit enemysoldier 4.466 3.466
unit enemysoldier 4.466 4.466
unit enemysoldier 3.466 0.466
unit enemysoldier 3.466 1.466
unit enemysoldier 3.466 2.466
unit enemysoldier 3.466 3.466
unit enemysoldier 3.466 4.466
unit enemypikeman 2.466 0.466 c$0.5
unit enemypikeman 2.466 1.466 c$0.5
unit enemypikeman 2.466 2.466 c$0.5
unit enemypikeman 2.466 1.466 c$0.5
unit enemypikeman 2.466 4.466 c$0.5
unit enemypikeman 1.466 0.466 c$0.5
unit enemypikeman 1.466 1.466 c$0.5
unit enemypikeman 1.466 2.466 c$0.5
unit enemypikeman 1.466 3.466 c$0.5
unit enemypikeman 1.466 2.466 c$0.5
when $friendly 30x35 5y15 do setr neslaves 1
when _neslaves_>0 do unit civilian 31 6
when _neslaves_>0 do unit civilian 32.466 6
when _neslaves_>0 do unit civilian 34 6
when _neslaves_>0 do unit civilian 31 8
when _neslaves_>0 do unit civilian 32.466 8
when _neslaves_>0 do unit civilian 34 8
when _neslaves_>0 do unit civilian 31 10
when _neslaves_>0 do unit civilian 32.466 10
when _neslaves_>0 do unit civilian 34 10
when _neslaves_>0 do unit civilian 31 12
when _neslaves_>0 do unit civilian 32.466 12
when _neslaves_>0 do unit civilian 34 12
when _neslaves_>0 do unit civilian 31 14
when _neslaves_>0 do unit civilian 32.466 14
when _neslaves_>0 do unit civilian 34 14
when $friendly 15x25 23y28 do setr seslaves 1
when _seslaves_>0 do unit civilian 16 24
when _seslaves_>0 do unit civilian 16 25.466
when _seslaves_>0 do unit civilian 16 27
when _seslaves_>0 do unit civilian 18 24
when _seslaves_>0 do unit civilian 18 25.466
when _seslaves_>0 do unit civilian 18 27
when _seslaves_>0 do unit civilian 20 24
when _seslaves_>0 do unit civilian 20 25.466
when _seslaves_>0 do unit civilian 20 27
when _seslaves_>0 do unit civilian 22 24
when _seslaves_>0 do unit civilian 22 25.466
when _seslaves_>0 do unit civilian 22 27
when _seslaves_>0 do unit civilian 24 24
when _seslaves_>0 do unit civilian 24 25.466
when _seslaves_>0 do unit civilian 24 27
when $friendly 0x7 23y30 do setr swslaves 1
when _swslaves_>0 do unit civilian 1.466 24.466
when _swslaves_>0 do unit civilian 2.8 24.466
when _swslaves_>0 do unit civilian 4.133 24.466
when _swslaves_>0 do unit civilian 5.466 24.466
when _swslaves_>0 do unit civilian 1.466 25.8
when _swslaves_>0 do unit civilian 2.8 25.8
when _swslaves_>0 do unit civilian 4.133 25.8
when _swslaves_>0 do unit civilian 5.466 25.8
when _swslaves_>0 do unit civilian 1.466 27.133
when _swslaves_>0 do unit civilian 2.8 27.133
when _swslaves_>0 do unit civilian 4.133 27.133
when _swslaves_>0 do unit civilian 5.466 27.133
when _swslaves_>0 do unit civilian 1.466 28.466
when _swslaves_>0 do unit civilian 2.8 28.466
when _swslaves_>0 do unit civilian 4.133 28.466
when _swslaves_>0 do unit civilian 5.466 28.466
when $friendly 10x15 0y5 do setr nslaves 1
when _nslaves_>0 do unit civilian 11.466 1.466
when _nslaves_>0 do unit civilian 12.466 1.466
when _nslaves_>0 do unit civilian 13.466 1.466
when _nslaves_>0 do unit civilian 11.466 2.466
when _nslaves_>0 do unit civilian 12.466 2.466
when _nslaves_>0 do unit civilian 13.466 2.466
when _nslaves_>0 do unit civilian 11.466 3.466
when _nslaves_>0 do unit civilian 12.466 3.466
when _nslaves_>0 do unit civilian 13.466 3.466
when $friendly 0x5 10y15 do setr wslaves 1
when _wslaves_>0 do unit civilian 1.466 11.466
when _wslaves_>0 do unit civilian 2.466 11.466
when _wslaves_>0 do unit civilian 3.466 11.466
when _wslaves_>0 do unit civilian 1.466 12.466
when _wslaves_>0 do unit civilian 2.466 12.466
when _wslaves_>0 do unit civilian 3.466 12.466
when _wslaves_>0 do unit civilian 1.466 13.466
when _wslaves_>0 do unit civilian 2.466 13.466
when _wslaves_>0 do unit civilian 3.466 13.466
##terrain##
[[40, 40, 40, 40, 40, 61, 61, 61, 61, 0, 40, 40, 40, 40, 40, 0, 61, 61, 61, 61, 40, 40, 0, 40, 40, 61, 61, 61, 61, 61], [40, 40, 40, 40, 40, 61, 61, 61, 61, 0, 40, 40, 40, 40, 40, 0, 61, 61, 61, 61, 40, 40, 0, 40, 40, 61, 61, 61, 61, 61], [40, 40, 40, 40, 40, 61, 61, 61, 61, 0, 40, 40, 40, 40, 40, 0, 61, 61, 61, 61, 40, 40, 0, 40, 40, 61, 61, 61, 61, 61], [40, 40, 40, 40, 40, 61, 61, 61, 61, 0, 40, 40, 40, 40, 40, 0, 61, 61, 61, 61, 40, 40, 0, 40, 40, 61, 61, 61, 61, 61], [40, 40, 40, 40, 40, 61, 61, 61, 61, 0, 40, 40, 40, 40, 40, 0, 61, 61, 61, 61, 40, 40, 0, 40, 40, 61, 61, 61, 61, 61], [61, 61, 61, 61, 61, 61, 61, 61, 61, 0, 0, 0, 61, 61, 0, 0, 61, 61, 61, 61, 61, 61, 0, 61, 61, 61, 61, 61, 61, 61], [61, 61, 61, 61, 61, 61, 61, 61, 61, 61, 61, 61, 61, 61, 61, 61, 61, 61, 61, 61, 61, 61, 61, 61, 61, 61, 61, 61, 61, 61], [61, 61, 61, 61, 61, 61, 61, 61, 61, 61, 61, 61, 61, 61, 61, 61, 61, 61, 61, 61, 61, 61, 61, 61, 0, 0, 0, 0, 0, 0], [61, 61, 61, 61, 61, 61, 61, 61, 61, 61, 61, 61, 61, 61, 61, 61, 61, 61, 61, 61, 61, 61, 61, 61, 61, 61, 61, 61, 61, 61], [0, 0, 0, 0, 0, 0, 61, 61, 61, 61, 61, 61, 61, 61, 61, 61, 61, 61, 61, 61, 61, 61, 61, 61, 61, 61, 61, 61, 61, 61], [40, 40, 40, 40, 40, 0, 61, 61, 61, 61, 40, 40, 40, 40, 40, 61, 61, 61, 61, 61, 40, 40, 40, 40, 40, 61, 61, 61, 61, 61], [40, 40, 40, 40, 40, 0, 61, 61, 61, 61, 40, 40, 40, 40, 40, 61, 61, 61, 61, 61, 40, 40, 40, 40, 40, 61, 61, 61, 61, 61], [40, 40, 40, 40, 40, 61, 61, 61, 61, 0, 0, 0, 40, 40, 40, 61, 0, 0, 0, 61, 40, 40, 40, 40, 40, 61, 61, 61, 61, 61], [40, 40, 40, 40, 40, 61, 61, 61, 61, 0, 40, 40, 40, 40, 40, 61, 61, 61, 0, 61, 40, 40, 40, 40, 40, 61, 61, 61, 61, 61], [40, 40, 40, 40, 40, 0, 61, 61, 61, 0, 40, 0, 40, 40, 40, 61, 0, 61, 0, 61, 40, 40, 0, 0, 0, 0, 0, 0, 0, 61], [0, 0, 0, 0, 0, 0, 61, 61, 61, 0, 61, 0, 0, 0, 0, 0, 0, 61, 0, 61, 61, 61, 0, 61, 61, 61, 61, 61, 0, 61], [61, 61, 61, 61, 61, 61, 61, 61, 61, 61, 61, 61, 0, 0, 0, 0, 61, 61, 61, 61, 61, 61, 0, 61, 61, 61, 61, 61, 0, 61], [61, 61, 61, 61, 61, 61, 61, 61, 61, 61, 61, 61, 0, 0, 0, 0, 61, 61, 61, 61, 61, 61, 61, 61, 61, 61, 61, 61, 0, 61], [61, 61, 61, 61, 61, 61, 61, 61, 61, 61, 61, 61, 0, 0, 0, 0, 61, 61, 61, 61, 61, 61, 61, 61, 61, 61, 61, 61, 0, 61], [61, 61, 61, 0, 0, 0, 61, 61, 61, 61, 61, 61, 0, 0, 0, 0, 61, 61, 61, 61, 61, 61, 0, 61, 61, 61, 61, 61, 0, 61], [40, 40, 40, 0, 0, 0, 61, 61, 61, 61, 40, 40, 0, 0, 0, 0, 61, 61, 61, 61, 40, 40, 0, 40, 40, 61, 61, 61, 0, 61], [40, 40, 40, 0, 0, 0, 61, 61, 61, 61, 40, 40, 0, 0, 0, 0, 61, 61, 61, 61, 40, 40, 0, 40, 40, 61, 61, 61, 0, 61], [40, 40, 40, 0, 0, 0, 61, 61, 61, 0, 40, 0, 0, 0, 0, 0, 0, 61, 0, 61, 40, 40, 0, 40, 40, 61, 61, 61, 0, 61], [40, 40, 40, 0, 0, 0, 61, 61, 61, 0, 40, 0, 40, 40, 40, 61, 0, 61, 0, 61, 40, 40, 0, 40, 40, 61, 61, 61, 0, 61], [40, 40, 40, 0, 0, 0, 61, 61, 61, 0, 40, 40, 40, 40, 40, 61, 61, 61, 0, 61, 40, 40, 0, 40, 40, 61, 61, 61, 0, 61], [61, 61, 61, 0, 0, 0, 61, 61, 61, 0, 0, 0, 61, 61, 61, 61, 0, 0, 0, 61, 61, 61, 0, 0, 0, 0, 0, 0, 0, 61], [61, 61, 61, 61, 61, 61, 61, 61, 61, 61, 61, 61, 61, 61, 61, 61, 61, 61, 61, 61, 61, 61, 61, 61, 61, 61, 61, 61, 61, 61], [61, 61, 61, 61, 61, 61, 61, 61, 61, 61, 61, 61, 61, 61, 61, 61, 61, 61, 61, 61, 61, 61, 61, 61, 61, 61, 61, 61, 61, 61], [61, 61, 61, 61, 61, 61, 61, 61, 61, 61, 61, 61, 61, 61, 61, 61, 61, 61, 61, 61, 61, 61, 61, 61, 61, 61, 61, 61, 61, 61], [61, 61, 61, 61, 0, 0, 61, 61, 0, 0, 0, 0, 0, 0, 0, 0, 61, 61, 61, 61, 61, 61, 61, 61, 61, 61, 61, 61, 61, 61], [40, 40, 40, 40, 0, 61, 61, 61, 61, 61, 40, 40, 40, 40, 40, 0, 61, 61, 61, 61, 0, 0, 0, 0, 0, 61, 61, 61, 61, 61], [40, 40, 40, 40, 0, 61, 61, 61, 61, 61, 40, 40, 40, 40, 40, 0, 61, 61, 61, 61, 0, 0, 0, 0, 0, 61, 61, 61, 61, 61], [40, 40, 40, 40, 0, 61, 61, 61, 61, 61, 40, 40, 40, 40, 40, 0, 61, 61, 61, 61, 0, 0, 0, 0, 0, 61, 61, 61, 61, 61], [40, 40, 40, 40, 0, 61, 61, 61, 61, 61, 40, 40, 40, 40, 40, 0, 61, 61, 61, 61, 0, 0, 0, 0, 0, 61, 61, 61, 61, 61], [40, 40, 40, 40, 0, 61, 61, 61, 61, 61, 40, 40, 40, 40, 40, 0, 61, 61, 61, 61, 0, 0, 0, 0, 0, 61, 61, 61, 61, 61], [61, 61, 61, 61, 0, 0, 0, 0, 0, 0, 0, 0, 0, 0, 0, 0, 61, 61, 61, 61, 61, 61, 61, 61, 61, 61, 61, 61, 61, 61], [61, 61, 61, 61, 61, 61, 61, 61, 61, 61, 61, 61, 61, 61, 61, 61, 61, 61, 61, 61, 61, 61, 61, 61, 61, 61, 61, 61, 61, 61], [61, 61, 61, 61, 61, 61, 61, 61, 61, 61, 61, 61, 61, 61, 61, 61, 61, 61, 61, 61, 61, 61, 61, 61, 61, 61, 61, 61, 61, 61], [61, 61, 61, 61, 61, 61, 61, 61, 61, 61, 61, 61, 61, 61, 61, 61, 61, 61, 61, 61, 61, 61, 61, 61, 61, 61, 61, 61, 61, 61], [61, 61, 61, 61, 61, 61, 61, 61, 61, 61, 61, 61, 61, 61, 61, 61, 61, 61, 61, 61, 61, 61, 61, 61, 61, 61, 61, 61, 61, 61]]
-----------------------
##story##
Bolstered by released slaves, your army grows to a size larger than the one you left Lindra with. How, the empire has caught on, and has ordered the execution of all slaves in a 20 mile radius to stop you from gathering more troops. Their main army is moving in to surround you. You decide to move quickly and ambush their vanguard, but your plan is suddenly interrupted by the arrival of another army. The nation that captured Lindra has been following you the whole time, and now they've caught up...
##classes##
soldier {'side':1,'aitype':1,'damage':8,'health':125,'range':1.6,'image':'Soldier.png','speed':0.1}
enemysoldier {'side':0,'aitype':0,'damage':8,'health':125,'range':1.6,'image':'Soldier2.png','speed':0.1}
darkknight {'side':2,'aitype':0,'damage':8,'health':125,'range':1.6,'image':'Soldier3.png','speed':0.1}
archer {'side':1,'aitype':1,'damage':5,'health':40,'range':50,'image':'Archer.png','speed':0.067,'inacc':2}
enemyarcher {'side':0,'aitype':0,'damage':5,'health':40,'range':50,'image':'Archer2.png','speed':0.067,'inacc':2}
warlock {'side':2,'aitype':0,'damage':5,'health':40,'range':50,'image':'Mage3.png','speed':0.067,'inacc':2}
pikeman {'side':1,'aitype':1,'damage':8,'health':70,'range':2.5,'image':'Pikeman.png','speed':0.1,'cmult':0.5}
enemypikeman {'side':0,'aitype':0,'damage':8,'health':70,'range':2.5,'image':'Pikeman2.png','speed':0.1,'cmult':0.5}
darkpikeman {'side':2,'aitype':0,'damage':8,'health':70,'range':2.5,'image':'Pikeman3.png','speed':0.1,'cmult':0.5}
horseman {'side':1,'aitype':1,'damage':11,'health':60,'range':2.5,'image':'Horseman.png','speed':0.2,'cmult':1,'bmult':0.5}
##events##
setup 0 23.666 14 30
unit soldier 1 26.666
unit soldier 2 26.666
unit soldier 3 26.666
unit soldier 4 26.666
unit soldier 5 26.666
unit soldier 6 26.666
unit soldier 7 26.666
unit soldier 8 26.666
unit pikeman 1 27.666 c$0.5
unit pikeman 2 27.666 c$0.5
unit pikeman 3 27.666 c$0.5
unit pikeman 4 27.666 c$0.5
unit pikeman 5 27.666 c$0.5
unit pikeman 6 27.666 c$0.5
unit pikeman 7 27.666 c$0.5
unit pikeman 8 27.666 c$0.5
unit archer 1 28.666 b$0.95
unit archer 2 28.666 b$0.95
unit archer 3 28.666 b$0.95
unit archer 4 28.666 b$0.95
unit archer 5 28.666 b$0.95
unit archer 6 28.666 b$0.95
unit archer 7 28.666 b$0.95
unit archer 8 28.666 b$0.95
unit horseman 1 29.666
unit horseman 2 29.666
unit horseman 3 29.666
unit horseman 4 29.666
unit horseman 5 29.666
unit horseman 6 29.666
unit horseman 7 29.666
unit horseman 8 29.666
unit enemysoldier 39.333 7
unit enemypikeman 39.333 8 c$0.5
unit enemyarcher 39.333 9 b$0.95
unit enemysoldier 39.333 10
unit enemypikeman 39.333 11 c$0.5
unit enemyarcher 39.333 12 b$0.95
unit enemysoldier 39.333 13
unit enemypikeman 39.333 14 c$0.5
unit enemyarcher 39.333 15 b$0.95
unit enemysoldier 39.333 16
unit enemypikeman 39.333 17 c$0.5
unit enemyarcher 39.333 18 b$0.95
unit enemysoldier 39.333 19
unit enemypikeman 39.333 20 c$0.5
unit enemyarcher 39.333 21 b$0.95
unit enemysoldier 39.333 22
unit enemypikeman 39.333 23 c$0.5
when 225t do unit darkknight 0.666 7
when 225t do unit darkpikeman 0.666 8 c$0.5
when 225t do unit warlock 0.666 9 b$0.95
when 225t do unit darkknight 0.666 10
when 225t do unit darkpikeman 0.666 11 c$0.5
when 225t do unit warlock 0.666 12 b$0.95
when 225t do unit darkknight 0.666 13
when 225t do unit darkpikeman 0.666 14 c$0.5
when 225t do unit warlock 0.666 15 b$0.95
when 225t do unit darkknight 0.666 16
when 225t do unit darkpikeman 0.666 17 c$0.5
when 225t do unit warlock 0.666 18 b$0.95
when 225t do unit darkknight 0.666 19
when 225t do unit darkpikeman 0.666 20 c$0.5
when 225t do unit warlock 0.666 21 b$0.95
when 225t do unit darkknight 0.666 22
when 225t do unit darkpikeman 0.666 23 c$0.5
when 450t do unit enemysoldier 13 0.666
when 450t do unit enemysoldier 14 0.666 c$0.5
when 450t do unit enemysoldier 15 0.666 b$0.95
when 450t do unit enemysoldier 16 0.666
when 450t do unit enemysoldier 17 0.666 c$0.5
when 450t do unit enemysoldier 18 0.666 b$0.95
when 450t do unit enemysoldier 19 0.666
when 450t do unit enemysoldier 20 0.666 c$0.5
when 450t do unit enemysoldier 21 0.666 b$0.95
when 450t do unit enemysoldier 22 0.666
when 450t do unit enemysoldier 23 0.666 c$0.5
when 450t do unit enemysoldier 24 0.666 b$0.95
when 450t do unit enemysoldier 25 0.666
when 450t do unit enemysoldier 26 0.666 c$0.5
when 450t do unit enemysoldier 27 0.666 b$0.95
when 450t do unit darkknight 13 29.333
when 450t do unit darkpikeman 14 29.333 c$0.5
when 450t do unit warlock 15 29.333 b$0.95
when 450t do unit darkknight 16 29.333
when 450t do unit darkpikeman 17 29.333 c$0.5
when 450t do unit warlock 18 29.333 b$0.95
when 450t do unit darkknight 19 29.333
when 450t do unit darkpikeman 20 29.333 c$0.5
when 450t do unit warlock 21 29.333 b$0.95
when 450t do unit darkknight 22 29.333
when 450t do unit darkpikeman 23 29.333 c$0.5
when 450t do unit warlock 24 29.333 b$0.95
when 450t do unit darkknight 25 29.333
when 450t do unit darkpikeman 26 29.333 c$0.5
when 450t do unit warlock 27 29.333 b$0.95
##terrain##
[[61, 61, 61, 61, 61, 61, 61, 61, 61, 61, 61, 61, 61, 61, 61, 61, 61, 61, 61, 61, 61, 61, 61, 61, 61, 61, 61, 61, 61, 61], [61, 61, 61, 61, 61, 61, 61, 61, 61, 61, 61, 61, 61, 61, 61, 61, 61, 61, 61, 61, 61, 61, 61, 61, 61, 61, 61, 61, 61, 61], [61, 61, 61, 61, 61, 61, 61, 61, 61, 61, 61, 61, 61, 61, 61, 61, 61, 61, 61, 61, 61, 61, 61, 61, 61, 61, 61, 61, 61, 61], [61, 61, 61, 0, 0, 0, 0, 0, 0, 61, 61, 61, 61, 0, 0, 0, 0, 61, 61, 61, 0, 0, 0, 61, 61, 61, 61, 61, 61, 61], [61, 61, 61, 0, 71, 71, 71, 71, 0, 61, 61, 61, 61, 0, 71, 71, 71, 71, 71, 71, 71, 71, 0, 61, 61, 61, 61, 61, 61, 61], [61, 61, 61, 0, 71, 71, 71, 71, 0, 61, 61, 61, 61, 0, 71, 71, 71, 71, 71, 71, 71, 71, 51, 61, 61, 61, 61, 61, 61, 61], [61, 61, 61, 0, 71, 71, 71, 71, 0, 61, 61, 61, 61, 61, 71, 71, 71, 71, 71, 71, 71, 0, 51, 0, 61, 61, 0, 61, 61, 61], [61, 61, 61, 0, 71, 71, 71, 71, 61, 61, 61, 61, 61, 61, 61, 0, 0, 61, 61, 0, 0, 51, 51, 51, 61, 61, 61, 61, 61, 61], [61, 61, 61, 0, 0, 0, 61, 61, 61, 61, 61, 61, 61, 61, 61, 61, 61, 61, 61, 61, 61, 51, 0, 61, 61, 61, 61, 61, 61, 61], [61, 61, 61, 61, 61, 61, 61, 61, 61, 61, 61, 61, 61, 61, 61, 61, 61, 61, 61, 61, 61, 61, 61, 61, 61, 61, 61, 61, 61, 61], [61, 61, 61, 61, 61, 61, 61, 61, 61, 61, 61, 61, 61, 61, 61, 61, 61, 61, 61, 61, 61, 61, 61, 61, 61, 61, 61, 61, 61, 61], [61, 61, 61, 61, 61, 61, 61, 61, 61, 61, 61, 61, 61, 61, 61, 61, 61, 61, 61, 61, 61, 61, 61, 61, 61, 61, 61, 61, 61, 61], [61, 61, 61, 61, 61, 61, 61, 61, 61, 61, 61, 61, 61, 61, 61, 61, 61, 61, 61, 61, 61, 61, 61, 61, 61, 61, 61, 61, 61, 61], [61, 61, 61, 61, 61, 61, 61, 61, 61, 61, 61, 61, 61, 61, 61, 61, 61, 61, 61, 61, 61, 61, 61, 61, 61, 61, 61, 61, 61, 61], [61, 61, 61, 61, 61, 61, 61, 61, 61, 61, 61, 61, 61, 61, 61, 61, 61, 61, 61, 61, 61, 61, 61, 61, 61, 61, 0, 0, 61, 61], [0, 0, 0, 0, 61, 61, 61, 61, 61, 61, 61, 61, 61, 61, 61, 61, 61, 61, 61, 61, 61, 61, 61, 61, 61, 61, 0, 0, 61, 61], [71, 71, 71, 0, 61, 61, 61, 61, 61, 61, 61, 61, 61, 61, 61, 61, 61, 61, 61, 61, 61, 61, 61, 61, 61, 61, 0, 0, 61, 61], [71, 71, 71, 0, 61, 61, 61, 61, 61, 61, 61, 61, 0, 0, 0, 0, 0, 0, 0, 0, 61, 61, 61, 61, 61, 61, 0, 0, 61, 61], [71, 71, 71, 61, 61, 61, 61, 61, 61, 61, 61, 71, 71, 71, 71, 71, 71, 71, 71, 0, 61, 61, 61, 61, 61, 0, 0, 0, 61, 61], [71, 71, 71, 61, 61, 61, 61, 61, 61, 61, 0, 71, 71, 71, 71, 71, 71, 71, 71, 0, 61, 61, 61, 0, 61, 61, 0, 0, 61, 61], [71, 71, 71, 0, 61, 61, 61, 61, 61, 61, 0, 71, 71, 71, 71, 71, 71, 71, 71, 0, 61, 61, 61, 61, 61, 61, 51, 0, 61, 61], [71, 71, 71, 0, 61, 61, 61, 61, 61, 61, 0, 71, 71, 71, 71, 71, 71, 71, 71, 0, 61, 61, 61, 61, 0, 61, 51, 0, 61, 61], [71, 71, 71, 0, 61, 61, 61, 61, 61, 61, 0, 71, 71, 71, 71, 71, 71, 71, 71, 0, 61, 61, 61, 61, 61, 61, 51, 51, 61, 61], [71, 71, 71, 0, 61, 61, 61, 61, 61, 61, 0, 71, 71, 71, 71, 71, 71, 71, 71, 0, 61, 61, 61, 61, 61, 61, 0, 51, 61, 61], [71, 71, 71, 71, 0, 51, 61, 61, 61, 61, 0, 71, 71, 71, 71, 71, 71, 71, 71, 0, 61, 61, 61, 0, 61, 61, 0, 51, 61, 61], [71, 0, 71, 71, 51, 51, 61, 61, 61, 61, 0, 71, 71, 71, 71, 71, 71, 71, 71, 61, 61, 61, 61, 61, 61, 61, 0, 0, 61, 61], [71, 71, 71, 0, 51, 0, 61, 61, 61, 61, 0, 0, 0, 0, 0, 0, 0, 0, 61, 61, 61, 61, 61, 61, 61, 61, 0, 0, 61, 61], [71, 71, 71, 0, 51, 51, 61, 61, 61, 61, 61, 61, 61, 61, 61, 61, 61, 61, 61, 61, 61, 61, 61, 61, 61, 61, 0, 0, 61, 61], [71, 71, 71, 61, 61, 61, 61, 61, 61, 61, 61, 61, 61, 61, 61, 61, 61, 61, 61, 61, 61, 61, 61, 61, 61, 61, 0, 0, 61, 61], [0, 0, 61, 61, 61, 61, 61, 61, 61, 61, 61, 61, 61, 61, 61, 61, 61, 61, 61, 61, 61, 61, 61, 61, 61, 61, 0, 0, 61, 61], [61, 61, 61, 61, 61, 61, 61, 61, 61, 61, 61, 61, 61, 61, 0, 0, 0, 0, 0, 0, 61, 61, 0, 0, 61, 61, 0, 0, 61, 61], [61, 61, 61, 61, 61, 61, 61, 61, 61, 61, 61, 61, 61, 61, 0, 71, 71, 71, 71, 71, 71, 71, 71, 0, 61, 61, 61, 61, 61, 61], [61, 61, 61, 61, 61, 61, 0, 61, 61, 61, 61, 61, 61, 61, 61, 71, 71, 71, 71, 71, 71, 71, 71, 0, 61, 61, 61, 61, 61, 61], [0, 0, 0, 0, 61, 61, 61, 61, 61, 61, 61, 61, 61, 61, 61, 0, 71, 71, 71, 71, 71, 71, 71, 71, 61, 61, 61, 61, 61, 61], [71, 71, 71, 71, 71, 61, 61, 61, 61, 61, 61, 61, 61, 61, 61, 71, 71, 71, 71, 71, 71, 71, 71, 71, 61, 0, 61, 61, 61, 61], [71, 71, 71, 71, 71, 0, 61, 61, 61, 61, 61, 61, 61, 0, 61, 0, 0, 71, 0, 0, 0, 0, 0, 0, 61, 51, 51, 61, 61, 61], [71, 71, 71, 71, 0, 51, 51, 61, 61, 61, 61, 61, 61, 61, 61, 61, 61, 0, 61, 61, 61, 61, 61, 61, 61, 51, 0, 61, 61, 61], [71, 71, 71, 71, 71, 51, 51, 61, 61, 61, 0, 61, 61, 61, 61, 61, 61, 61, 61, 61, 61, 61, 61, 61, 61, 61, 61, 61, 61, 61], [71, 71, 71, 71, 71, 0, 61, 61, 61, 61, 61, 61, 61, 61, 61, 61, 61, 61, 61, 61, 61, 61, 61, 61, 61, 61, 61, 61, 61, 61], [71, 71, 71, 71, 71, 0, 61, 61, 61, 61, 61, 61, 61, 61, 61, 61, 61, 61, 61, 61, 61, 61, 61, 61, 61, 61, 61, 61, 61, 61]]
-----------------------
##story##
You have settled on a hill, where you plan to set up a new city. You begin construction efforts, but the locals amass a large army, which is slowly moving toward you. You only have time to build a makeshift fortress, and that will have to do...
##classes##
zerker {'side':1,'aitype':1,'damage':11,'health':90,'range':1.6,'image':'Soldier.png','speed':0.1}
guardian {'side':1,'aitype':1,'damage':6,'health':150,'range':1.6,'image':'Guardian.png','speed':0.075}
archer {'side':1,'aitype':1,'damage':6,'health':50,'range':50,'image':'Archer.png','speed':0.067,'inacc':2}
pikeman {'side':1,'aitype':1,'damage':8,'health':70,'range':2.5,'image':'Pikeman.png','speed':0.1,'cmult':0.5}
horseman {'side':1,'aitype':1,'damage':11,'health':75,'range':2.5,'image':'Horseman.png','speed':0.2,'cmult':1,'bmult':0.5}
enemysoldier {'side':0,'aitype':0,'damage':8,'health':125,'range':1.6,'image':'Soldier2.png','speed':0.1}
enemypikeman {'side':0,'aitype':0,'damage':8,'health':70,'range':2.5,'image':'Pikeman2.png','speed':0.1,'cmult':0.5}
enemyarcher {'side':0,'aitype':0,'damage':5,'health':25,'range':50,'image':'Archer2.png','speed':0.067,'inacc':2}
golem {'side':0,'aitype':0,'damage':45,'health':450,'range':2.5,'image':'Golem.png','speed':0.06}
centos {'side':0,'aitype':0,'damage':25,'health':250,'range':2.5,'image':'Boss2.png','speed':0.06}
##events##
setup 10 10 30 30
unit guardian 16.666 18.666
unit zerker 18 18.666
unit guardian 19.333 18.666
unit zerker 20.666 18.666
unit guardian 22 18.666
unit zerker 23.333 18.666
unit pikeman 16.666 20 
unit pikeman 18 20 
unit pikeman 19.333 20 
unit pikeman 20.666 20 
unit pikeman 22 20 
unit pikeman 23.333 20 
unit pikeman 16.666 21.333 
unit pikeman 18 21.333 
unit pikeman 19.333 21.333 
unit pikeman 20.666 21.333 
unit pikeman 22 21.333 
unit pikeman 23.333 21.333 
whenever 300t1250 do unit zerker 18.466 26.466
whenever 300t1250 do unit zerker 19.466 26.466
whenever 300t1250 do unit zerker 20.466 26.466
whenever 300t1250 do unit zerker 21.466 26.466
whenever 300t1250 do unit pikeman 18.466 27.466 
whenever 300t1250 do unit pikeman 19.466 27.466 
whenever 300t1250 do unit pikeman 20.466 27.466 
whenever 300t1250 do unit pikeman 21.466 27.466 
whenever 525t1250 do unit horseman 19 27.466
whenever 525t1250 do unit horseman 20 27.466
whenever 525t1250 do unit horseman 21 27.466
whenever 525t1250 do unit horseman 19 28.466
whenever 525t1250 do unit horseman 20 28.466
whenever 525t1250 do unit horseman 21 28.466
whenever 900t1250 do unit guardian 19 27.466
whenever 900t1250 do unit guardian 20 27.466
whenever 900t1250 do unit guardian 21 27.466
whenever 900t1250 do unit guardian 19 28.466
whenever 900t1250 do unit guardian 20 28.466
whenever 900t1250 do unit guardian 21 28.466
whenever 1250t1250 do unit guardian 18.466 26.666
whenever 1250t1250 do unit guardian 20.466 26.666
whenever 1250t1250 do unit zerker 19.466 26.666
whenever 1250t1250 do unit zerker 21.466 26.666
whenever 1250t1250 do unit pikeman 18.466 27.666 
whenever 1250t1250 do unit pikeman 19.466 27.666 
whenever 1250t1250 do unit pikeman 20.533 27.666 
whenever 1250t1250 do unit pikeman 21.466 27.666 
whenever 1250t1250 do unit pikeman 18.466 28.666 
whenever 1250t1250 do unit pikeman 19.466 28.666 
whenever 1250t1250 do unit pikeman 20.533 28.666 
whenever 1250t1250 do unit pikeman 21.466 28.666 
unit centos 15 6.666
unit centos 25 6.666
when 40t do unit enemysoldier 6.666 1
when 40t do unit enemysoldier 13.333 1
when 40t do unit enemysoldier 20 1
when 40t do unit enemysoldier 26.666 1
when 40t do unit enemysoldier 33.333 1
whenever 40t800 do unit enemysoldier 39 3.333
whenever 40t800 do unit enemysoldier 39 6.666
whenever 40t800 do unit enemysoldier 39 10
when 40t do unit enemysoldier 39 16.666
when 40t do unit enemysoldier 39 20
when 40t do unit enemysoldier 39 23.333
when 40t do unit enemysoldier 39 26.666
whenever 40t800 do unit enemysoldier 1 3.333
whenever 40t800 do unit enemysoldier 1 6.666
whenever 40t800 do unit enemysoldier 1 10
when 40t do unit enemysoldier 1 16.666
when 40t do unit enemysoldier 1 20
when 40t do unit enemysoldier 1 23.333
when 40t do unit enemysoldier 1 26.666
when 340t do unit enemypikeman 6.666 1 
when 340t do unit enemypikeman 13.333 1 
when 340t do unit enemypikeman 20 1 
when 340t do unit enemypikeman 26.666 1 
when 340t do unit enemypikeman 33.333 1 
whenever 340t1000 do unit enemypikeman 39 6.666 
whenever 340t1000 do unit enemypikeman 39 13.333 
whenever 340t1000 do unit enemypikeman 39 20 
whenever 340t1000 do unit enemypikeman 1 6.666 
whenever 340t1000 do unit enemypikeman 1 13.333 
whenever 340t1000 do unit enemypikeman 1 20 
when 340t do unit enemypikeman 1 26.666 
when 560t do unit enemyarcher 0.466 1.333 
when 560t do unit enemyarcher 0.466 2.666 
when 560t do unit enemyarcher 0.466 4 
when 560t do unit enemyarcher 0.466 5.333 
when 560t do unit enemyarcher 39.466 1.333 
when 560t do unit enemyarcher 39.466 2.666 
when 560t do unit enemyarcher 39.466 4 
when 560t do unit enemyarcher 39.466 5.333 
whenever 700t3200 do unit golem 13.333 3.333
whenever 1500t3200 do unit golem 26.666 3.333
whenever 2300t3200 do unit golem 3.333 20
whenever 3100t3200 do unit golem 36.666 20
##terrain##
[[40, 40, 40, 40, 40, 40, 40, 40, 40, 40, 40, 40, 40, 40, 40, 40, 40, 40, 40, 40, 40, 40, 40, 40, 40, 40, 40, 40, 40, 40], [40, 40, 40, 40, 40, 40, 40, 40, 40, 40, 40, 40, 40, 40, 40, 40, 40, 40, 40, 40, 40, 40, 40, 40, 40, 40, 40, 40, 40, 40], [40, 40, 0, 0, 0, 0, 0, 0, 40, 40, 40, 40, 40, 40, 40, 0, 0, 40, 40, 40, 40, 40, 40, 40, 40, 40, 40, 40, 40, 40], [40, 40, 0, 0, 0, 0, 0, 0, 40, 40, 40, 40, 40, 40, 40, 0, 0, 40, 40, 40, 40, 40, 40, 40, 0, 0, 0, 40, 40, 40], [40, 40, 0, 0, 40, 40, 40, 40, 40, 40, 40, 40, 40, 40, 40, 40, 40, 40, 40, 40, 40, 40, 40, 40, 0, 0, 0, 40, 40, 40], [40, 40, 0, 0, 40, 40, 40, 40, 40, 40, 40, 40, 40, 40, 40, 40, 40, 40, 40, 40, 40, 40, 40, 40, 0, 0, 0, 40, 40, 40], [40, 40, 0, 0, 40, 40, 40, 40, 40, 40, 40, 40, 40, 40, 40, 40, 40, 40, 40, 40, 40, 40, 40, 40, 40, 40, 40, 40, 40, 40], [40, 40, 0, 0, 40, 40, 40, 0, 0, 40, 40, 40, 40, 40, 40, 40, 40, 40, 40, 40, 40, 40, 40, 40, 40, 40, 40, 40, 40, 40], [40, 40, 40, 40, 40, 40, 40, 0, 0, 40, 40, 40, 40, 40, 40, 40, 40, 40, 40, 40, 40, 40, 40, 40, 40, 40, 40, 40, 40, 40], [40, 40, 40, 40, 40, 40, 40, 40, 40, 40, 40, 40, 40, 40, 40, 40, 40, 40, 40, 40, 40, 40, 40, 40, 40, 40, 40, 40, 40, 40], [40, 40, 40, 40, 40, 40, 40, 40, 40, 40, 0, 0, 0, 0, 0, 40, 40, 40, 0, 0, 0, 0, 40, 40, 40, 0, 0, 0, 0, 40], [40, 40, 40, 40, 40, 40, 40, 40, 40, 40, 0, 0, 0, 0, 0, 40, 40, 40, 0, 0, 0, 0, 40, 40, 40, 0, 0, 0, 0, 40], [40, 40, 40, 40, 40, 40, 40, 40, 40, 40, 0, 0, 40, 40, 40, 40, 40, 40, 40, 40, 40, 40, 40, 40, 40, 40, 40, 40, 40, 40], [40, 40, 40, 40, 40, 40, 40, 40, 40, 40, 0, 0, 40, 40, 40, 40, 40, 40, 40, 40, 40, 40, 40, 40, 40, 40, 40, 40, 40, 40], [40, 40, 40, 40, 40, 40, 40, 40, 40, 40, 0, 0, 40, 40, 0, 0, 40, 40, 40, 40, 40, 40, 0, 0, 0, 0, 40, 40, 40, 40], [40, 40, 0, 0, 40, 40, 40, 40, 40, 40, 40, 40, 40, 40, 0, 0, 0, 0, 40, 40, 40, 40, 40, 40, 40, 40, 40, 40, 40, 40], [40, 40, 0, 0, 40, 40, 40, 40, 40, 40, 40, 40, 40, 40, 40, 0, 0, 0, 40, 0, 0, 40, 40, 40, 40, 40, 40, 40, 40, 40], [40, 40, 0, 0, 40, 40, 40, 40, 40, 40, 40, 40, 40, 40, 40, 0, 0, 0, 40, 40, 40, 40, 40, 40, 40, 0, 40, 40, 0, 0], [40, 40, 40, 40, 40, 40, 40, 40, 40, 40, 0, 0, 40, 40, 40, 40, 40, 40, 40, 40, 40, 40, 40, 40, 40, 0, 40, 40, 40, 40], [40, 40, 40, 40, 40, 40, 40, 40, 40, 40, 0, 0, 40, 40, 40, 40, 40, 40, 40, 40, 40, 40, 40, 40, 40, 0, 40, 40, 40, 40], [40, 40, 40, 40, 40, 40, 40, 40, 40, 40, 0, 0, 40, 40, 40, 40, 40, 40, 40, 40, 40, 40, 40, 40, 40, 0, 40, 40, 40, 40], [40, 40, 40, 40, 40, 40, 40, 40, 40, 40, 0, 0, 40, 40, 40, 40, 40, 40, 40, 40, 40, 40, 40, 40, 40, 0, 40, 40, 40, 40], [40, 40, 0, 0, 40, 40, 40, 40, 40, 40, 40, 40, 40, 40, 40, 0, 0, 0, 40, 40, 40, 40, 40, 40, 40, 0, 40, 40, 0, 0], [40, 40, 0, 0, 40, 40, 40, 40, 40, 40, 40, 40, 40, 40, 40, 0, 0, 0, 40, 0, 0, 40, 40, 40, 40, 40, 40, 40, 40, 40], [40, 40, 0, 0, 40, 40, 40, 40, 40, 40, 40, 40, 40, 40, 0, 0, 0, 0, 40, 40, 40, 40, 40, 40, 40, 40, 40, 40, 40, 40], [40, 40, 40, 40, 40, 40, 40, 40, 40, 40, 0, 0, 40, 40, 0, 0, 40, 40, 40, 40, 40, 40, 0, 0, 0, 0, 40, 40, 40, 40], [40, 40, 40, 40, 40, 40, 40, 40, 40, 40, 0, 0, 40, 40, 40, 40, 40, 40, 40, 40, 40, 40, 40, 40, 40, 40, 40, 40, 40, 40], [40, 40, 40, 40, 40, 40, 40, 40, 40, 40, 0, 0, 40, 40, 40, 40, 40, 40, 40, 40, 40, 40, 40, 40, 40, 40, 40, 40, 40, 40], [40, 40, 40, 40, 40, 40, 40, 40, 40, 40, 0, 0, 0, 0, 0, 40, 40, 40, 0, 0, 0, 0, 40, 40, 40, 0, 0, 0, 0, 40], [40, 40, 40, 40, 40, 40, 40, 40, 40, 40, 0, 0, 0, 0, 0, 40, 40, 40, 0, 0, 0, 0, 40, 40, 40, 0, 0, 0, 0, 40], [40, 40, 40, 40, 40, 40, 40, 40, 40, 40, 40, 40, 40, 40, 40, 40, 40, 40, 40, 40, 40, 40, 40, 40, 40, 40, 40, 40, 40, 40], [40, 40, 40, 40, 40, 40, 40, 0, 0, 40, 40, 40, 40, 40, 40, 40, 40, 40, 40, 40, 40, 40, 40, 40, 40, 40, 40, 40, 40, 40], [40, 40, 0, 0, 40, 40, 40, 0, 0, 40, 40, 40, 40, 40, 40, 40, 40, 40, 40, 40, 40, 40, 40, 40, 40, 40, 40, 40, 40, 40], [40, 40, 0, 0, 40, 40, 40, 40, 40, 40, 40, 40, 40, 40, 40, 40, 40, 40, 40, 40, 40, 40, 40, 40, 40, 40, 40, 40, 40, 40], [40, 40, 0, 0, 40, 40, 40, 40, 40, 40, 40, 40, 40, 40, 40, 40, 40, 40, 40, 40, 40, 40, 40, 40, 0, 0, 0, 40, 40, 40], [40, 40, 0, 0, 40, 40, 40, 40, 40, 40, 40, 40, 40, 40, 40, 40, 40, 40, 40, 40, 40, 40, 40, 40, 0, 0, 0, 40, 40, 40], [40, 40, 0, 0, 0, 0, 0, 0, 40, 40, 40, 40, 40, 40, 40, 0, 0, 40, 40, 40, 40, 40, 40, 40, 0, 0, 0, 40, 40, 40], [40, 40, 0, 0, 0, 0, 0, 0, 40, 40, 40, 40, 40, 40, 40, 0, 0, 40, 40, 40, 40, 40, 40, 40, 40, 40, 40, 40, 40, 40], [40, 40, 40, 40, 40, 40, 40, 40, 40, 40, 40, 40, 40, 40, 40, 40, 40, 40, 40, 40, 40, 40, 40, 40, 40, 40, 40, 40, 40, 40], [40, 40, 40, 40, 40, 40, 40, 40, 40, 40, 40, 40, 40, 40, 40, 40, 40, 40, 40, 40, 40, 40, 40, 40, 40, 40, 40, 40, 40, 40]]
-----------------------
##story##
Hundreds of enemies and many golems lie dead before you. However, the enemy king approaches, and you need to defeat him too...
##classes##
zerker {'side':1,'aitype':1,'damage':11,'health':90,'range':1.6,'image':'Soldier.png','speed':0.1}
guardian {'side':1,'aitype':1,'damage':6,'health':150,'range':1.6,'image':'Soldier.png','speed':0.075}
pikeman {'side':1,'aitype':1,'damage':8,'health':70,'range':2.5,'image':'Pikeman.png','speed':0.1,'cmult':0.5}
horseman {'side':1,'aitype':1,'damage':11,'health':75,'range':2.5,'image':'Horseman.png','speed':0.2,'cmult':1,'bmult':0.5}
enemysoldier {'side':0,'aitype':0,'damage':8,'health':125,'range':1.6,'image':'Soldier2.png','speed':0.1}
enemypikeman {'side':0,'aitype':0,'damage':8,'health':70,'range':2.5,'image':'Pikeman2.png','speed':0.1,'cmult':0.5}
enemyarcher {'side':0,'aitype':0,'damage':6,'health':25,'range':50,'image':'Archer2.png','speed':0.05,'inacc':2}
golem {'side':0,'aitype':0,'damage':30,'health':300,'range':4,'image':'Golem.png','speed':0.06}
boss {'side':0,'aitype':0,'damage':40,'health':7200,'range':2.66,'image':'Boss2.png','speed':0.12,'desc':'boss'}
##events##
setup 10 10 30 30
unit boss 20 3.333
when none $boss do win
whenever 250t1500 do unit enemyarcher 37 9
whenever 250t1500 do unit enemyarcher 37 12
whenever 250t1500 do unit enemyarcher 37 15
whenever 250t1500 do unit enemyarcher 37 18
whenever 250t1500 do unit enemyarcher 37 21
whenever 625t1500 do unit enemyarcher 3 9
whenever 625t1500 do unit enemyarcher 3 12
whenever 625t1500 do unit enemyarcher 3 15
whenever 625t1500 do unit enemyarcher 3 18
whenever 625t1500 do unit enemyarcher 3 21
whenever 1000t1500 do unit enemyarcher 14 3
whenever 1000t1500 do unit enemyarcher 17 3
whenever 1000t1500 do unit enemyarcher 20 3
whenever 1000t1500 do unit enemyarcher 23 3
whenever 1000t1500 do unit enemyarcher 26 3
whenever 1000t2000 $boss 0h4000 do unit golem 6 6
whenever 2000t2000 $boss 0h4000 do unit golem 34 6
whenever 1500t1500 $boss 0h2700 do unit golem 20 3
whenever 300t1500 $boss 0h2000 do unit golem 3 12
whenever 1200t1500 $boss 0h2000 do unit golem 37 12
whenever 250t1000 $boss 0h1600 do unit golem 3 24
whenever 750t1000 $boss 0h1600 do unit golem 37 24
whenever 80t80 $boss 0h1400 do unit enemyarcher 1.5 8.5
whenever 80t80 $boss 0h1400 do unit enemyarcher 38.5 8.5
whenever 80t80 $boss 0h1200 do unit enemyarcher 1.5 15.5
whenever 80t80 $boss 0h1200 do unit enemyarcher 38.5 15.5
whenever 80t80 $boss 0h1000 do unit enemyarcher 1.5 22.5
whenever 80t80 $boss 0h1000 do unit enemyarcher 38.5 22.5
whenever 80t80 $boss 0h800 do unit enemyarcher 1.5 29.5
whenever 80t80 $boss 0h800 do unit enemyarcher 38.5 29.5
unit guardian 18.466 26.666
unit guardian 20.666 26.666
unit zerker 19.466 26.666
unit zerker 21.466 26.666
unit pikeman 18.466 27.666
unit pikeman 19.466 27.666
unit pikeman 20.533 27.666
unit pikeman 21.466 27.666
unit pikeman 18.466 28.666
unit pikeman 19.466 28.666
unit pikeman 20.533 28.666
unit pikeman 21.466 28.666
whenever 160t800 do unit guardian 18.466 26.666
whenever 160t800 do unit guardian 19.466 26.666
whenever 160t800 do unit guardian 20.466 26.666
whenever 160t800 do unit guardian 21.466 26.666
whenever 320t800 do unit pikeman 18.466 27.666
whenever 320t800 do unit pikeman 19.466 27.666
whenever 320t800 do unit pikeman 20.466 27.666
whenever 320t800 do unit pikeman 21.466 27.666
whenever 640t800 do unit zerker 18.466 26.666
whenever 640t800 do unit zerker 19.466 26.666
whenever 640t800 do unit zerker 20.466 26.666
whenever 640t800 do unit zerker 21.466 26.666
whenever 800t800 do unit pikeman 18.466 28.666
whenever 800t800 do unit pikeman 19.466 28.666
whenever 800t800 do unit pikeman 20.533 28.666
whenever 800t800 do unit pikeman 21.466 28.666
whenever 480t800 do unit horseman 19 27.466
whenever 480t800 do unit horseman 20 27.466
whenever 480t800 do unit horseman 21 27.466
whenever 480t800 do unit horseman 19 28.466
whenever 480t800 do unit horseman 20 28.466
whenever 480t800 do unit horseman 21 28.466
##terrain##
[[40, 40, 40, 40, 40, 40, 40, 40, 40, 40, 40, 40, 40, 40, 40, 40, 40, 40, 40, 40, 40, 40, 40, 40, 40, 40, 40, 40, 40, 40], [40, 40, 40, 40, 40, 40, 40, 40, 40, 40, 40, 40, 40, 40, 40, 40, 40, 40, 40, 40, 40, 40, 40, 40, 40, 40, 40, 40, 40, 40], [40, 40, 0, 0, 0, 0, 0, 0, 40, 40, 40, 40, 40, 40, 40, 0, 0, 40, 40, 40, 40, 40, 40, 40, 40, 40, 40, 40, 40, 40], [40, 40, 0, 0, 0, 0, 0, 0, 40, 40, 40, 40, 40, 40, 40, 0, 0, 40, 40, 40, 40, 40, 40, 40, 0, 0, 0, 40, 40, 40], [40, 40, 0, 0, 40, 40, 40, 40, 40, 40, 40, 40, 40, 40, 40, 40, 40, 40, 40, 40, 40, 40, 40, 40, 0, 0, 0, 40, 40, 40], [40, 40, 0, 0, 40, 40, 40, 40, 40, 40, 40, 40, 40, 40, 40, 40, 40, 40, 40, 40, 40, 40, 40, 40, 0, 0, 0, 40, 40, 40], [40, 40, 0, 0, 40, 40, 40, 40, 40, 40, 40, 40, 40, 40, 40, 40, 40, 40, 40, 40, 40, 40, 40, 40, 40, 40, 40, 40, 40, 40], [40, 40, 0, 0, 40, 40, 40, 0, 0, 40, 40, 40, 40, 40, 40, 40, 40, 40, 40, 40, 40, 40, 40, 40, 40, 40, 40, 40, 40, 40], [40, 40, 40, 40, 40, 40, 40, 0, 0, 40, 40, 40, 40, 40, 40, 40, 40, 40, 40, 40, 40, 40, 40, 40, 40, 40, 40, 40, 40, 40], [40, 40, 40, 40, 40, 40, 40, 40, 40, 40, 40, 40, 40, 40, 40, 40, 40, 40, 40, 40, 40, 40, 40, 40, 40, 40, 40, 40, 40, 40], [40, 40, 40, 40, 40, 40, 40, 40, 40, 40, 0, 0, 0, 0, 0, 40, 40, 40, 0, 0, 0, 0, 40, 40, 40, 0, 0, 0, 0, 40], [40, 40, 40, 40, 40, 40, 40, 40, 40, 40, 0, 0, 0, 0, 0, 40, 40, 40, 0, 0, 0, 0, 40, 40, 40, 0, 0, 0, 0, 40], [40, 40, 40, 40, 40, 40, 40, 40, 40, 40, 0, 0, 40, 40, 40, 40, 40, 40, 40, 40, 40, 40, 40, 40, 40, 40, 40, 40, 40, 40], [40, 40, 40, 40, 40, 40, 40, 40, 40, 40, 0, 0, 40, 40, 40, 40, 40, 40, 40, 40, 40, 40, 40, 40, 40, 40, 40, 40, 40, 40], [40, 40, 40, 40, 40, 40, 40, 40, 40, 40, 0, 0, 40, 40, 0, 0, 40, 40, 40, 40, 40, 40, 0, 0, 0, 0, 40, 40, 40, 40], [40, 40, 0, 0, 40, 40, 40, 40, 40, 40, 40, 40, 40, 40, 0, 0, 0, 0, 40, 40, 40, 40, 40, 40, 40, 40, 40, 40, 40, 40], [40, 40, 0, 0, 40, 40, 40, 40, 40, 40, 40, 40, 40, 40, 40, 0, 0, 0, 40, 0, 0, 40, 40, 40, 40, 40, 40, 40, 40, 40], [40, 40, 0, 0, 40, 40, 40, 40, 40, 40, 40, 40, 40, 40, 40, 0, 0, 0, 40, 40, 40, 40, 40, 40, 40, 0, 40, 40, 0, 0], [40, 40, 40, 40, 40, 40, 40, 40, 40, 40, 0, 0, 40, 40, 40, 40, 40, 40, 40, 40, 40, 40, 40, 40, 40, 0, 40, 40, 40, 40], [40, 40, 40, 40, 40, 40, 40, 40, 40, 40, 0, 0, 40, 40, 40, 40, 40, 40, 40, 40, 40, 40, 40, 40, 40, 0, 40, 40, 40, 40], [40, 40, 40, 40, 40, 40, 40, 40, 40, 40, 0, 0, 40, 40, 40, 40, 40, 40, 40, 40, 40, 40, 40, 40, 40, 0, 40, 40, 40, 40], [40, 40, 40, 40, 40, 40, 40, 40, 40, 40, 0, 0, 40, 40, 40, 40, 40, 40, 40, 40, 40, 40, 40, 40, 40, 0, 40, 40, 40, 40], [40, 40, 0, 0, 40, 40, 40, 40, 40, 40, 40, 40, 40, 40, 40, 0, 0, 0, 40, 40, 40, 40, 40, 40, 40, 0, 40, 40, 0, 0], [40, 40, 0, 0, 40, 40, 40, 40, 40, 40, 40, 40, 40, 40, 40, 0, 0, 0, 40, 0, 0, 40, 40, 40, 40, 40, 40, 40, 40, 40], [40, 40, 0, 0, 40, 40, 40, 40, 40, 40, 40, 40, 40, 40, 0, 0, 0, 0, 40, 40, 40, 40, 40, 40, 40, 40, 40, 40, 40, 40], [40, 40, 40, 40, 40, 40, 40, 40, 40, 40, 0, 0, 40, 40, 0, 0, 40, 40, 40, 40, 40, 40, 0, 0, 0, 0, 40, 40, 40, 40], [40, 40, 40, 40, 40, 40, 40, 40, 40, 40, 0, 0, 40, 40, 40, 40, 40, 40, 40, 40, 40, 40, 40, 40, 40, 40, 40, 40, 40, 40], [40, 40, 40, 40, 40, 40, 40, 40, 40, 40, 0, 0, 40, 40, 40, 40, 40, 40, 40, 40, 40, 40, 40, 40, 40, 40, 40, 40, 40, 40], [40, 40, 40, 40, 40, 40, 40, 40, 40, 40, 0, 0, 0, 0, 0, 40, 40, 40, 0, 0, 0, 0, 40, 40, 40, 0, 0, 0, 0, 40], [40, 40, 40, 40, 40, 40, 40, 40, 40, 40, 0, 0, 0, 0, 0, 40, 40, 40, 0, 0, 0, 0, 40, 40, 40, 0, 0, 0, 0, 40], [40, 40, 40, 40, 40, 40, 40, 40, 40, 40, 40, 40, 40, 40, 40, 40, 40, 40, 40, 40, 40, 40, 40, 40, 40, 40, 40, 40, 40, 40], [40, 40, 40, 40, 40, 40, 40, 0, 0, 40, 40, 40, 40, 40, 40, 40, 40, 40, 40, 40, 40, 40, 40, 40, 40, 40, 40, 40, 40, 40], [40, 40, 0, 0, 40, 40, 40, 0, 0, 40, 40, 40, 40, 40, 40, 40, 40, 40, 40, 40, 40, 40, 40, 40, 40, 40, 40, 40, 40, 40], [40, 40, 0, 0, 40, 40, 40, 40, 40, 40, 40, 40, 40, 40, 40, 40, 40, 40, 40, 40, 40, 40, 40, 40, 40, 40, 40, 40, 40, 40], [40, 40, 0, 0, 40, 40, 40, 40, 40, 40, 40, 40, 40, 40, 40, 40, 40, 40, 40, 40, 40, 40, 40, 40, 0, 0, 0, 40, 40, 40], [40, 40, 0, 0, 40, 40, 40, 40, 40, 40, 40, 40, 40, 40, 40, 40, 40, 40, 40, 40, 40, 40, 40, 40, 0, 0, 0, 40, 40, 40], [40, 40, 0, 0, 0, 0, 0, 0, 40, 40, 40, 40, 40, 40, 40, 0, 0, 40, 40, 40, 40, 40, 40, 40, 0, 0, 0, 40, 40, 40], [40, 40, 0, 0, 0, 0, 0, 0, 40, 40, 40, 40, 40, 40, 40, 0, 0, 40, 40, 40, 40, 40, 40, 40, 40, 40, 40, 40, 40, 40], [40, 40, 40, 40, 40, 40, 40, 40, 40, 40, 40, 40, 40, 40, 40, 40, 40, 40, 40, 40, 40, 40, 40, 40, 40, 40, 40, 40, 40, 40], [40, 40, 40, 40, 40, 40, 40, 40, 40, 40, 40, 40, 40, 40, 40, 40, 40, 40, 40, 40, 40, 40, 40, 40, 40, 40, 40, 40, 40, 40]]
-----------------------
##story##
You have defeated the enemy army and without their king, the rest are both scattered and bickering over internal politics. You send bands of your men to roam the countryside, releasing slaves, and the local governments begin to collapse under the pressure. Your position seems to be secure, and your men have found a new home.
##classes##
##events##
win
##terrain##
[[40, 40, 40, 40, 40, 40, 40, 40, 40, 40, 40, 40, 40, 40, 40, 40, 40, 40, 40, 40, 40, 40, 40, 40, 40, 40, 40, 40, 40, 40], [40, 40, 40, 40, 40, 40, 40, 40, 40, 40, 40, 40, 40, 40, 40, 40, 40, 40, 40, 40, 40, 40, 40, 40, 40, 40, 40, 40, 40, 40], [40, 40, 0, 0, 0, 0, 0, 0, 40, 40, 40, 40, 40, 40, 40, 0, 0, 40, 40, 40, 40, 40, 40, 40, 40, 40, 40, 40, 40, 40], [40, 40, 0, 0, 0, 0, 0, 0, 40, 40, 40, 40, 40, 40, 40, 0, 0, 40, 40, 40, 40, 40, 40, 40, 0, 0, 0, 40, 40, 40], [40, 40, 0, 0, 40, 40, 40, 40, 40, 40, 40, 40, 40, 40, 40, 40, 40, 40, 40, 40, 40, 40, 40, 40, 0, 0, 0, 40, 40, 40], [40, 40, 0, 0, 40, 40, 40, 40, 40, 40, 40, 40, 40, 40, 40, 40, 40, 40, 40, 40, 40, 40, 40, 40, 0, 0, 0, 40, 40, 40], [40, 40, 0, 0, 40, 40, 40, 40, 40, 40, 40, 40, 40, 40, 40, 40, 40, 40, 40, 40, 40, 40, 40, 40, 40, 40, 40, 40, 40, 40], [40, 40, 0, 0, 40, 40, 40, 0, 0, 40, 40, 40, 40, 40, 40, 40, 40, 40, 40, 40, 40, 40, 40, 40, 40, 40, 40, 40, 40, 40], [40, 40, 40, 40, 40, 40, 40, 0, 0, 40, 40, 40, 40, 40, 40, 40, 40, 40, 40, 40, 40, 40, 40, 40, 40, 40, 40, 40, 40, 40], [40, 40, 40, 40, 40, 40, 40, 40, 40, 40, 40, 40, 40, 40, 40, 40, 40, 40, 40, 40, 40, 40, 40, 40, 40, 40, 40, 40, 40, 40], [40, 40, 40, 40, 40, 40, 40, 40, 40, 40, 0, 0, 0, 0, 0, 40, 40, 40, 0, 0, 0, 0, 40, 40, 40, 0, 0, 0, 0, 40], [40, 40, 40, 40, 40, 40, 40, 40, 40, 40, 0, 0, 0, 0, 0, 40, 40, 40, 0, 0, 0, 0, 40, 40, 40, 0, 0, 0, 0, 40], [40, 40, 40, 40, 40, 40, 40, 40, 40, 40, 0, 0, 40, 40, 40, 40, 40, 40, 40, 40, 40, 40, 40, 40, 40, 40, 40, 40, 40, 40], [40, 40, 40, 40, 40, 40, 40, 40, 40, 40, 0, 0, 40, 40, 40, 40, 40, 40, 40, 40, 40, 40, 40, 40, 40, 40, 40, 40, 40, 40], [40, 40, 40, 40, 40, 40, 40, 40, 40, 40, 0, 0, 40, 40, 0, 0, 40, 40, 40, 40, 40, 40, 0, 0, 0, 0, 40, 40, 40, 40], [40, 40, 0, 0, 40, 40, 40, 40, 40, 40, 40, 40, 40, 40, 0, 0, 0, 0, 40, 40, 40, 40, 40, 40, 40, 40, 40, 40, 40, 40], [40, 40, 0, 0, 40, 40, 40, 40, 40, 40, 40, 40, 40, 40, 40, 0, 0, 0, 40, 0, 0, 40, 40, 40, 40, 40, 40, 40, 40, 40], [40, 40, 0, 0, 40, 40, 40, 40, 40, 40, 40, 40, 40, 40, 40, 0, 0, 0, 40, 40, 40, 40, 40, 40, 40, 0, 40, 40, 0, 0], [40, 40, 40, 40, 40, 40, 40, 40, 40, 40, 0, 0, 40, 40, 40, 40, 40, 40, 40, 40, 40, 40, 40, 40, 40, 0, 40, 40, 40, 40], [40, 40, 40, 40, 40, 40, 40, 40, 40, 40, 0, 0, 40, 40, 40, 40, 40, 40, 40, 40, 40, 40, 40, 40, 40, 0, 40, 40, 40, 40], [40, 40, 40, 40, 40, 40, 40, 40, 40, 40, 0, 0, 40, 40, 40, 40, 40, 40, 40, 40, 40, 40, 40, 40, 40, 0, 40, 40, 40, 40], [40, 40, 40, 40, 40, 40, 40, 40, 40, 40, 0, 0, 40, 40, 40, 40, 40, 40, 40, 40, 40, 40, 40, 40, 40, 0, 40, 40, 40, 40], [40, 40, 0, 0, 40, 40, 40, 40, 40, 40, 40, 40, 40, 40, 40, 0, 0, 0, 40, 40, 40, 40, 40, 40, 40, 0, 40, 40, 0, 0], [40, 40, 0, 0, 40, 40, 40, 40, 40, 40, 40, 40, 40, 40, 40, 0, 0, 0, 40, 0, 0, 40, 40, 40, 40, 40, 40, 40, 40, 40], [40, 40, 0, 0, 40, 40, 40, 40, 40, 40, 40, 40, 40, 40, 0, 0, 0, 0, 40, 40, 40, 40, 40, 40, 40, 40, 40, 40, 40, 40], [40, 40, 40, 40, 40, 40, 40, 40, 40, 40, 0, 0, 40, 40, 0, 0, 40, 40, 40, 40, 40, 40, 0, 0, 0, 0, 40, 40, 40, 40], [40, 40, 40, 40, 40, 40, 40, 40, 40, 40, 0, 0, 40, 40, 40, 40, 40, 40, 40, 40, 40, 40, 40, 40, 40, 40, 40, 40, 40, 40], [40, 40, 40, 40, 40, 40, 40, 40, 40, 40, 0, 0, 40, 40, 40, 40, 40, 40, 40, 40, 40, 40, 40, 40, 40, 40, 40, 40, 40, 40], [40, 40, 40, 40, 40, 40, 40, 40, 40, 40, 0, 0, 0, 0, 0, 40, 40, 40, 0, 0, 0, 0, 40, 40, 40, 0, 0, 0, 0, 40], [40, 40, 40, 40, 40, 40, 40, 40, 40, 40, 0, 0, 0, 0, 0, 40, 40, 40, 0, 0, 0, 0, 40, 40, 40, 0, 0, 0, 0, 40], [40, 40, 40, 40, 40, 40, 40, 40, 40, 40, 40, 40, 40, 40, 40, 40, 40, 40, 40, 40, 40, 40, 40, 40, 40, 40, 40, 40, 40, 40], [40, 40, 40, 40, 40, 40, 40, 0, 0, 40, 40, 40, 40, 40, 40, 40, 40, 40, 40, 40, 40, 40, 40, 40, 40, 40, 40, 40, 40, 40], [40, 40, 0, 0, 40, 40, 40, 0, 0, 40, 40, 40, 40, 40, 40, 40, 40, 40, 40, 40, 40, 40, 40, 40, 40, 40, 40, 40, 40, 40], [40, 40, 0, 0, 40, 40, 40, 40, 40, 40, 40, 40, 40, 40, 40, 40, 40, 40, 40, 40, 40, 40, 40, 40, 40, 40, 40, 40, 40, 40], [40, 40, 0, 0, 40, 40, 40, 40, 40, 40, 40, 40, 40, 40, 40, 40, 40, 40, 40, 40, 40, 40, 40, 40, 0, 0, 0, 40, 40, 40], [40, 40, 0, 0, 40, 40, 40, 40, 40, 40, 40, 40, 40, 40, 40, 40, 40, 40, 40, 40, 40, 40, 40, 40, 0, 0, 0, 40, 40, 40], [40, 40, 0, 0, 0, 0, 0, 0, 40, 40, 40, 40, 40, 40, 40, 0, 0, 40, 40, 40, 40, 40, 40, 40, 0, 0, 0, 40, 40, 40], [40, 40, 0, 0, 0, 0, 0, 0, 40, 40, 40, 40, 40, 40, 40, 0, 0, 40, 40, 40, 40, 40, 40, 40, 40, 40, 40, 40, 40, 40], [40, 40, 40, 40, 40, 40, 40, 40, 40, 40, 40, 40, 40, 40, 40, 40, 40, 40, 40, 40, 40, 40, 40, 40, 40, 40, 40, 40, 40, 40], [40, 40, 40, 40, 40, 40, 40, 40, 40, 40, 40, 40, 40, 40, 40, 40, 40, 40, 40, 40, 40, 40, 40, 40, 40, 40, 40, 40, 40, 40]]

