Name: nightfall
Created by: test@example.com
Date: 2011-09-16 23:33:55.448635
-----------------------
##story##
This is an example campaign for Slasha 5.0. Here you will fight as a commander of Faladare against the evil wizard Xandros and his demonic minions. You first encounter the enemy near a small hill.
##classes##
soldier {'side':1,'aitype':1,'damage':10,'health':90,'range':1.6,'image':'Soldier.png','speed':0.093}
darkknight {'side':0,'aitype':0,'damage':10,'health':90,'range':1.6,'image':'Soldier3.png','speed':0.093}
##events##
setup 33.333 0 40 30
unit darkknight 1 6.666
unit darkknight 1 10
unit darkknight 1 13.333
unit darkknight 1 16.666
unit darkknight 1 20
unit darkknight 1 23.333
unit darkknight 1 26.666
unit darkknight 1 28
unit soldier 37 6.666
unit soldier 37 10
unit soldier 37 13.333
unit soldier 37 16.666
unit soldier 37 20
unit soldier 37 23.333
unit soldier 37 26.666
unit soldier 37 28
##terrain##
[[20, 20, 20, 20, 20, 20, 20, 20, 20, 20, 20, 20, 20, 20, 20, 20, 20, 20, 20, 20, 20, 20, 20, 20, 20, 20, 20, 20, 20, 20], [20, 20, 20, 20, 20, 20, 20, 20, 20, 20, 20, 20, 20, 20, 20, 20, 20, 20, 20, 20, 20, 20, 20, 20, 20, 20, 20, 20, 20, 20], [20, 20, 20, 20, 20, 20, 20, 20, 20, 20, 20, 20, 20, 20, 20, 20, 20, 20, 20, 20, 20, 20, 20, 20, 20, 20, 20, 20, 20, 20], [20, 20, 20, 20, 20, 20, 20, 20, 20, 20, 20, 20, 20, 20, 20, 20, 20, 20, 20, 20, 20, 20, 20, 20, 20, 20, 20, 20, 20, 20], [20, 20, 20, 20, 20, 20, 20, 20, 20, 20, 20, 20, 20, 20, 20, 20, 20, 20, 0, 0, 20, 20, 20, 20, 20, 20, 20, 20, 20, 20], [20, 20, 20, 20, 0, 0, 0, 20, 20, 20, 20, 20, 20, 20, 20, 20, 20, 20, 20, 0, 0, 0, 0, 0, 20, 20, 20, 20, 20, 20], [20, 20, 20, 20, 0, 0, 0, 20, 20, 20, 20, 20, 20, 20, 20, 20, 20, 20, 20, 20, 20, 0, 0, 0, 0, 0, 20, 20, 20, 20], [20, 20, 20, 20, 0, 0, 20, 20, 20, 20, 20, 20, 20, 20, 20, 20, 20, 20, 20, 20, 20, 20, 0, 0, 0, 0, 20, 20, 20, 20], [20, 20, 20, 20, 20, 20, 20, 20, 20, 20, 20, 20, 20, 20, 20, 20, 20, 20, 20, 20, 20, 20, 20, 0, 0, 0, 20, 20, 20, 20], [20, 20, 20, 20, 20, 20, 20, 20, 20, 20, 20, 20, 20, 20, 20, 20, 20, 20, 20, 20, 20, 20, 20, 20, 20, 0, 20, 20, 20, 20], [20, 20, 20, 20, 20, 20, 20, 20, 20, 20, 20, 20, 20, 20, 20, 20, 20, 20, 20, 20, 20, 20, 20, 20, 20, 0, 20, 20, 20, 20], [20, 20, 20, 20, 20, 20, 20, 20, 20, 20, 20, 20, 20, 20, 20, 20, 20, 20, 20, 20, 20, 20, 20, 20, 20, 20, 20, 20, 20, 20], [20, 20, 20, 20, 20, 20, 20, 20, 20, 20, 20, 20, 20, 20, 20, 20, 20, 20, 20, 20, 20, 20, 20, 20, 20, 20, 20, 20, 20, 20], [20, 20, 20, 20, 20, 20, 20, 20, 20, 20, 20, 20, 20, 20, 20, 20, 20, 20, 20, 20, 20, 20, 20, 20, 20, 20, 20, 20, 20, 20], [20, 20, 20, 20, 20, 20, 20, 20, 20, 20, 20, 28, 28, 28, 28, 28, 28, 28, 28, 20, 20, 20, 20, 20, 20, 20, 20, 20, 20, 20], [20, 20, 20, 20, 20, 20, 20, 20, 20, 20, 28, 28, 28, 28, 40, 40, 40, 40, 28, 28, 28, 20, 20, 20, 20, 20, 20, 20, 20, 20], [20, 20, 20, 20, 20, 20, 20, 20, 20, 20, 28, 28, 40, 40, 40, 0, 0, 40, 40, 40, 28, 28, 20, 20, 20, 20, 20, 20, 20, 20], [20, 20, 20, 20, 20, 20, 20, 20, 20, 28, 28, 40, 40, 0, 0, 0, 0, 0, 0, 40, 40, 28, 28, 20, 20, 20, 20, 20, 20, 20], [20, 20, 20, 20, 20, 20, 20, 20, 20, 28, 40, 40, 0, 0, 0, 0, 0, 0, 0, 0, 40, 28, 28, 20, 20, 20, 20, 20, 20, 20], [20, 20, 20, 20, 20, 20, 20, 20, 20, 28, 40, 0, 0, 0, 0, 0, 0, 0, 0, 0, 40, 28, 28, 20, 20, 20, 20, 20, 20, 20], [20, 20, 20, 20, 20, 20, 20, 20, 20, 28, 40, 40, 0, 0, 0, 0, 0, 0, 0, 40, 40, 28, 28, 20, 20, 20, 20, 20, 20, 20], [20, 20, 20, 20, 20, 20, 20, 20, 20, 28, 28, 40, 0, 0, 0, 40, 40, 40, 40, 40, 28, 28, 28, 20, 20, 20, 20, 20, 20, 20], [20, 20, 20, 20, 20, 20, 20, 20, 20, 28, 28, 40, 40, 40, 40, 40, 28, 28, 28, 28, 28, 20, 20, 20, 20, 20, 20, 20, 20, 20], [20, 20, 20, 20, 20, 20, 20, 20, 20, 20, 28, 28, 28, 28, 28, 28, 28, 28, 28, 28, 20, 20, 20, 20, 20, 20, 20, 20, 20, 20], [20, 20, 20, 20, 20, 20, 20, 20, 20, 20, 20, 20, 20, 20, 20, 20, 20, 20, 20, 20, 20, 20, 20, 20, 20, 20, 20, 20, 20, 20], [20, 20, 20, 20, 20, 20, 20, 20, 20, 20, 20, 20, 20, 20, 20, 20, 20, 20, 20, 20, 20, 20, 20, 20, 20, 20, 20, 20, 20, 20], [20, 20, 20, 20, 20, 20, 20, 20, 20, 20, 20, 20, 20, 20, 20, 20, 20, 20, 20, 20, 20, 20, 20, 20, 20, 20, 20, 20, 20, 20], [20, 20, 20, 20, 20, 20, 20, 20, 20, 20, 20, 20, 20, 20, 20, 20, 20, 20, 20, 20, 20, 20, 20, 20, 20, 20, 20, 20, 20, 20], [20, 20, 20, 20, 20, 20, 20, 0, 0, 0, 0, 0, 20, 20, 20, 20, 20, 20, 20, 20, 20, 20, 20, 20, 20, 20, 20, 20, 20, 20], [20, 20, 20, 20, 20, 0, 0, 0, 0, 0, 0, 0, 0, 20, 20, 20, 20, 20, 20, 20, 20, 20, 20, 20, 20, 20, 20, 20, 20, 20], [20, 20, 20, 20, 20, 0, 0, 0, 0, 0, 0, 0, 0, 20, 20, 20, 20, 20, 20, 20, 20, 20, 0, 0, 0, 20, 20, 20, 20, 20], [20, 20, 20, 20, 20, 0, 0, 0, 0, 0, 0, 0, 0, 0, 20, 20, 20, 20, 20, 20, 20, 20, 0, 0, 0, 20, 20, 20, 20, 20], [20, 20, 20, 20, 20, 20, 0, 0, 0, 0, 0, 0, 0, 0, 20, 20, 20, 20, 20, 20, 20, 20, 0, 0, 0, 20, 20, 20, 20, 20], [20, 20, 20, 20, 20, 20, 20, 0, 0, 0, 0, 0, 0, 0, 20, 20, 20, 20, 20, 20, 20, 20, 0, 0, 0, 20, 20, 20, 20, 20], [25, 25, 25, 25, 25, 25, 25, 0, 0, 0, 0, 0, 0, 25, 25, 25, 25, 25, 25, 25, 25, 25, 25, 30, 25, 25, 25, 25, 25, 25], [25, 25, 25, 25, 25, 25, 25, 30, 30, 30, 30, 30, 25, 25, 25, 25, 25, 25, 25, 25, 25, 25, 30, 30, 30, 25, 25, 25, 25, 25], [30, 30, 30, 30, 30, 30, 30, 30, 30, 30, 30, 30, 30, 30, 30, 30, 30, 30, 30, 30, 30, 30, 30, 30, 30, 30, 30, 30, 30, 30], [30, 30, 30, 30, 30, 30, 30, 30, 30, 30, 30, 30, 30, 30, 30, 30, 30, 30, 30, 30, 30, 30, 30, 30, 30, 30, 30, 30, 30, 30], [35, 35, 35, 35, 35, 35, 35, 35, 35, 35, 35, 35, 35, 35, 35, 35, 35, 35, 35, 35, 35, 35, 35, 35, 35, 35, 35, 35, 35, 35], [35, 35, 35, 35, 35, 35, 35, 35, 35, 35, 35, 35, 35, 35, 35, 35, 35, 35, 35, 35, 35, 35, 35, 35, 35, 35, 35, 35, 35, 35]]

-----------------------
##story##
After winning the first battle, you realize that Faladare is in great danger, and you need to return immediately to warn the council. But warlocks have already gone around your army and surrounded it.
##classes##
archer {'side':1,'aitype':1,'damage':8,'health':50,'range':25,'image':'Archer.png','speed':0.067,'inacc':2}
warlock {'side':0,'aitype':0,'damage':8,'health':50,'range':25,'image':'Mage3.png','speed':0.067,'inacc':2}
##events##
setup 33.333 0 40 30
unit warlock 1.333 6.666 
unit warlock 1.333 10 
unit warlock 1.333 12.666 
unit warlock 1.333 16.666 
unit warlock 1.333 20 
unit warlock 1.333 23.333 
unit warlock 1.333 26.666 
unit warlock 1.333 28 
unit archer 36.666 6.666 
unit archer 37.333 10 
unit archer 36.666 13.333 
unit archer 36.666 16.666 
unit archer 36.666 20 
unit archer 36.666 23.333 
unit archer 36.666 26.666 
unit archer 36.666 28 
##terrain##
[[51, 51, 46, 46, 46, 46, 46, 40, 40, 40, 40, 40, 40, 0, 0, 0, 40, 40, 40, 40, 40, 46, 46, 46, 46, 46, 46, 51, 51, 0], [51, 51, 46, 46, 46, 46, 46, 40, 40, 40, 40, 40, 40, 0, 0, 0, 40, 40, 40, 40, 40, 46, 46, 46, 46, 46, 46, 46, 51, 51], [51, 51, 46, 46, 46, 46, 46, 40, 40, 40, 40, 40, 40, 0, 0, 0, 40, 40, 40, 40, 40, 40, 40, 46, 46, 46, 46, 46, 46, 51], [51, 51, 46, 46, 46, 46, 46, 40, 40, 40, 40, 40, 40, 40, 40, 40, 40, 40, 40, 40, 40, 40, 40, 40, 40, 46, 46, 46, 46, 46], [51, 51, 46, 46, 46, 46, 46, 40, 40, 40, 40, 40, 40, 40, 40, 40, 40, 40, 40, 40, 40, 40, 40, 40, 40, 40, 46, 46, 46, 46], [51, 51, 46, 46, 46, 46, 46, 40, 40, 40, 40, 40, 40, 40, 40, 40, 40, 40, 40, 40, 40, 40, 40, 40, 40, 40, 40, 40, 46, 46], [51, 46, 46, 46, 0, 0, 46, 46, 40, 40, 40, 40, 40, 40, 40, 40, 40, 40, 40, 40, 40, 40, 0, 0, 40, 40, 40, 40, 40, 40], [51, 46, 46, 46, 0, 0, 46, 46, 40, 40, 40, 40, 40, 40, 40, 40, 40, 40, 40, 40, 40, 0, 0, 0, 40, 40, 40, 40, 40, 40], [51, 46, 46, 46, 46, 46, 46, 46, 40, 40, 40, 40, 40, 40, 40, 40, 40, 40, 40, 40, 40, 0, 0, 40, 40, 40, 40, 40, 40, 40], [51, 46, 46, 46, 46, 46, 46, 40, 40, 40, 40, 40, 40, 40, 40, 40, 46, 46, 46, 40, 40, 40, 40, 40, 40, 40, 40, 40, 40, 40], [46, 46, 46, 46, 46, 46, 46, 40, 40, 0, 0, 0, 40, 40, 40, 40, 46, 51, 51, 51, 40, 40, 40, 40, 40, 40, 40, 40, 40, 40], [46, 46, 46, 46, 46, 46, 46, 40, 40, 0, 0, 0, 40, 40, 40, 40, 46, 51, 51, 51, 40, 40, 40, 40, 40, 40, 40, 40, 40, 40], [46, 46, 46, 46, 46, 46, 40, 40, 40, 40, 0, 0, 40, 40, 40, 40, 46, 0, 0, 0, 0, 40, 40, 40, 40, 40, 40, 40, 40, 40], [46, 46, 46, 46, 46, 46, 40, 40, 40, 40, 40, 40, 40, 40, 40, 40, 40, 0, 0, 0, 0, 40, 40, 40, 0, 0, 0, 0, 40, 40], [46, 46, 46, 46, 46, 40, 40, 40, 40, 40, 40, 40, 40, 40, 40, 40, 40, 40, 40, 40, 40, 40, 40, 40, 0, 0, 0, 0, 40, 40], [46, 46, 46, 46, 46, 40, 40, 40, 40, 40, 40, 40, 40, 40, 40, 40, 40, 40, 40, 40, 40, 40, 40, 40, 0, 0, 0, 0, 40, 40], [46, 46, 46, 46, 46, 40, 40, 40, 40, 40, 40, 40, 40, 40, 40, 40, 40, 40, 40, 40, 40, 40, 40, 40, 40, 40, 40, 40, 40, 40], [0, 0, 0, 46, 40, 40, 40, 40, 40, 40, 40, 40, 40, 40, 0, 0, 0, 0, 40, 40, 40, 40, 40, 40, 40, 40, 40, 40, 40, 40], [0, 0, 0, 0, 0, 40, 40, 40, 40, 40, 40, 40, 40, 40, 40, 0, 0, 0, 40, 40, 40, 40, 40, 40, 40, 40, 40, 40, 40, 40], [0, 0, 0, 0, 0, 0, 40, 40, 40, 40, 40, 40, 40, 40, 40, 40, 0, 0, 40, 40, 40, 40, 40, 40, 40, 40, 40, 40, 40, 40], [0, 0, 0, 0, 0, 0, 0, 0, 40, 40, 40, 40, 40, 40, 40, 40, 40, 0, 40, 40, 40, 40, 40, 40, 40, 40, 0, 0, 0, 0], [0, 0, 0, 0, 0, 0, 0, 0, 40, 40, 40, 40, 40, 40, 40, 40, 40, 40, 40, 40, 0, 0, 40, 40, 40, 40, 0, 0, 0, 0], [40, 40, 40, 40, 40, 40, 40, 40, 40, 40, 40, 40, 40, 40, 40, 40, 40, 40, 40, 40, 0, 0, 40, 40, 40, 40, 46, 46, 51, 0], [40, 40, 40, 40, 40, 40, 40, 40, 40, 0, 0, 40, 40, 40, 40, 40, 40, 40, 40, 40, 46, 46, 46, 46, 46, 46, 46, 46, 51, 51], [40, 40, 40, 40, 40, 40, 40, 40, 40, 40, 40, 40, 40, 40, 40, 40, 40, 40, 40, 40, 46, 46, 46, 46, 46, 46, 46, 46, 51, 51], [40, 40, 40, 40, 40, 40, 40, 40, 40, 40, 40, 0, 0, 40, 40, 40, 40, 40, 40, 40, 46, 46, 46, 46, 46, 46, 46, 46, 51, 51], [40, 40, 40, 40, 40, 40, 40, 40, 40, 40, 0, 0, 0, 0, 0, 40, 40, 40, 40, 40, 46, 46, 46, 46, 46, 46, 46, 46, 51, 51], [40, 40, 40, 40, 40, 40, 40, 40, 40, 40, 40, 40, 0, 0, 0, 0, 0, 40, 40, 40, 46, 46, 46, 46, 46, 46, 46, 46, 51, 51], [0, 0, 40, 40, 40, 40, 40, 40, 40, 40, 40, 40, 0, 0, 51, 0, 0, 40, 40, 40, 46, 46, 46, 46, 46, 46, 46, 46, 51, 51], [0, 0, 0, 40, 40, 40, 40, 40, 40, 40, 40, 40, 51, 51, 51, 51, 51, 40, 40, 40, 46, 46, 46, 46, 46, 46, 46, 46, 51, 51], [0, 0, 0, 40, 40, 40, 40, 40, 40, 40, 40, 40, 51, 51, 51, 51, 51, 40, 40, 40, 46, 0, 0, 0, 46, 46, 46, 46, 51, 51], [0, 0, 0, 40, 40, 40, 40, 40, 40, 40, 40, 40, 46, 46, 46, 46, 46, 40, 40, 40, 0, 0, 0, 0, 46, 46, 46, 46, 51, 51], [0, 0, 0, 40, 40, 40, 40, 40, 40, 40, 40, 40, 46, 46, 46, 46, 46, 46, 46, 46, 46, 46, 46, 0, 0, 46, 46, 46, 51, 51], [51, 51, 51, 46, 46, 46, 46, 0, 0, 0, 0, 46, 46, 46, 46, 46, 46, 46, 46, 46, 46, 46, 46, 46, 46, 46, 46, 46, 51, 51], [51, 51, 51, 46, 46, 46, 46, 46, 0, 0, 0, 46, 46, 46, 46, 46, 46, 46, 46, 46, 46, 46, 46, 46, 46, 46, 46, 46, 51, 51], [51, 51, 51, 46, 46, 46, 46, 46, 0, 0, 0, 46, 46, 46, 46, 46, 46, 46, 46, 46, 46, 46, 46, 46, 46, 46, 46, 46, 51, 51], [46, 46, 46, 46, 46, 46, 46, 46, 46, 0, 0, 46, 46, 46, 46, 46, 46, 46, 46, 46, 46, 46, 46, 46, 46, 46, 46, 46, 51, 0], [46, 46, 46, 46, 46, 46, 46, 46, 46, 46, 46, 46, 46, 46, 46, 46, 46, 46, 46, 46, 46, 46, 46, 46, 46, 46, 46, 46, 51, 0], [46, 46, 46, 46, 46, 46, 46, 46, 46, 46, 46, 46, 46, 46, 46, 46, 0, 0, 46, 46, 46, 46, 46, 46, 46, 46, 46, 46, 0, 0], [46, 46, 46, 46, 46, 46, 46, 46, 46, 46, 46, 46, 46, 46, 46, 0, 0, 0, 0, 46, 46, 46, 46, 46, 46, 46, 46, 0, 0, 0]]

-----------------------
##story##
You arrive at Faladare just hours before Xandros's minions arrive. The forces of Queen Madrina join your own, and you prepare for battle.
##classes##
soldier {'side':1,'aitype':1,'damage':8,'health':125,'range':1.6,'image':'Soldier.png','speed':0.1}
darkknight {'side':0,'aitype':0,'damage':8,'health':125,'range':1.6,'image':'Soldier3.png','speed':0.1}
pikeman {'side':1,'aitype':1,'damage':8,'health':70,'range':2.5,'image':'Pikeman.png','speed':0.1,'cmult':0.5}
darkpikeman {'side':0,'aitype':0,'damage':8,'health':70,'range':2.5,'image':'Pikeman3.png','speed':0.1,'cmult':0.5}
archer {'side':1,'aitype':1,'damage':8,'health':50,'range':50,'image':'Archer.png','speed':0.067,'inacc':2}
warlock {'side':0,'aitype':0,'damage':8,'health':50,'range':50,'image':'Mage3.png','speed':0.067,'inacc':2}
##events##
setup 20 0 40 30
unit darkknight 1.333 6.666
unit darkknight 1.333 8
unit darkknight 1.333 9.333
unit darkknight 1.333 10.666
unit darkknight 1.333 12
unit darkknight 1.333 13.333
unit darkknight 1.333 14.666
unit darkknight 1.333 16
unit darkpikeman 1.333 17.333 
unit darkpikeman 1.333 18.666 
unit darkpikeman 1.333 20 
unit darkpikeman 1.333 21.333 
unit darkpikeman 1.333 22.666 
unit darkpikeman 1.333 24 
unit darkpikeman 1.333 25.333 
unit darkpikeman 1.333 26.666 
unit warlock 2.666 5 
unit warlock 2.666 6.666 
unit warlock 2.666 8.333 
unit warlock 2.666 10 
unit soldier 36.666 6.666
unit soldier 36.666 10
unit soldier 36.666 13.333
unit soldier 36.666 16.666
unit soldier 36.666 20
unit pikeman 33.333 6.666 
unit pikeman 33.333 10 
unit pikeman 33.333 13.333 
unit pikeman 33.333 16.666 
unit pikeman 33.333 20 
unit archer 34.666 6.666 
unit archer 34.666 10 
unit archer 34.666 13.333 
unit archer 34.666 16.666 
unit archer 34.666 20 
##terrain##
[[12, 12, 12, 12, 12, 12, 12, 12, 12, 12, 12, 12, 12, 12, 12, 12, 12, 12, 12, 12, 12, 12, 12, 12, 12, 12, 12, 12, 12, 12], [12, 12, 12, 12, 12, 12, 12, 12, 12, 12, 12, 12, 12, 12, 12, 12, 12, 12, 12, 12, 12, 12, 12, 12, 12, 12, 12, 12, 12, 12], [12, 12, 12, 12, 12, 12, 12, 12, 12, 12, 12, 12, 12, 12, 12, 12, 12, 12, 12, 12, 12, 12, 12, 12, 12, 12, 12, 12, 12, 12], [12, 12, 12, 12, 12, 12, 12, 12, 12, 12, 12, 12, 12, 12, 12, 12, 12, 12, 12, 12, 12, 12, 12, 12, 12, 12, 12, 12, 12, 12], [12, 12, 12, 12, 12, 12, 12, 12, 12, 12, 12, 12, 12, 12, 12, 12, 12, 12, 12, 12, 12, 12, 12, 12, 12, 12, 12, 12, 12, 12], [12, 12, 12, 12, 12, 12, 12, 12, 12, 12, 12, 12, 12, 12, 12, 12, 12, 12, 12, 12, 12, 12, 12, 12, 12, 12, 12, 12, 12, 12], [12, 12, 12, 12, 12, 12, 12, 12, 12, 12, 12, 12, 12, 12, 12, 12, 12, 12, 12, 12, 12, 12, 12, 12, 12, 12, 12, 12, 12, 12], [12, 12, 12, 12, 12, 12, 12, 12, 12, 12, 12, 12, 12, 12, 12, 12, 12, 12, 12, 12, 12, 12, 12, 12, 12, 12, 12, 12, 12, 12], [12, 12, 12, 12, 12, 12, 12, 12, 12, 12, 12, 12, 12, 12, 12, 12, 12, 12, 12, 12, 12, 12, 12, 12, 12, 12, 12, 12, 12, 12], [12, 12, 12, 12, 12, 12, 12, 12, 12, 12, 12, 12, 12, 12, 12, 12, 12, 12, 12, 12, 12, 12, 12, 12, 12, 12, 12, 12, 12, 12], [12, 12, 12, 12, 12, 12, 12, 12, 12, 12, 12, 12, 12, 12, 12, 12, 12, 12, 12, 12, 12, 12, 12, 12, 12, 12, 12, 12, 12, 12], [12, 12, 12, 12, 12, 12, 12, 12, 12, 12, 12, 12, 12, 12, 12, 12, 12, 12, 12, 12, 12, 12, 12, 12, 12, 12, 12, 12, 12, 12], [12, 12, 12, 12, 12, 12, 12, 12, 12, 12, 12, 12, 12, 12, 12, 12, 12, 12, 12, 12, 12, 12, 12, 12, 12, 12, 12, 12, 12, 12], [12, 12, 12, 12, 12, 12, 12, 12, 12, 12, 12, 12, 12, 12, 12, 12, 12, 12, 12, 12, 12, 12, 12, 12, 12, 12, 12, 12, 12, 12], [0, 0, 14, 14, 14, 14, 14, 14, 14, 0, 0, 14, 14, 14, 14, 14, 14, 14, 0, 0, 14, 14, 14, 14, 14, 14, 14, 14, 0, 0], [0, 0, 17, 17, 17, 17, 17, 17, 17, 0, 0, 17, 17, 17, 17, 17, 17, 17, 0, 0, 17, 17, 17, 17, 17, 17, 17, 17, 0, 0], [19, 19, 19, 19, 19, 19, 19, 19, 19, 19, 19, 19, 19, 19, 19, 19, 19, 19, 19, 19, 19, 19, 19, 19, 19, 19, 19, 19, 19, 19], [19, 19, 19, 19, 19, 19, 19, 19, 19, 19, 19, 19, 19, 19, 19, 19, 19, 19, 19, 19, 19, 19, 19, 19, 19, 19, 19, 19, 19, 19], [19, 19, 19, 19, 19, 19, 19, 19, 19, 19, 19, 19, 19, 19, 19, 19, 19, 19, 19, 19, 19, 19, 19, 19, 19, 19, 19, 19, 19, 19], [19, 19, 19, 19, 19, 19, 19, 19, 19, 19, 19, 19, 19, 19, 19, 19, 19, 19, 19, 19, 19, 19, 19, 19, 19, 19, 19, 19, 19, 19], [19, 19, 19, 19, 19, 19, 19, 19, 19, 19, 19, 19, 19, 19, 19, 19, 19, 19, 19, 19, 19, 19, 19, 19, 19, 19, 19, 19, 19, 19], [19, 19, 19, 19, 19, 19, 19, 19, 19, 19, 19, 19, 19, 19, 19, 19, 19, 19, 19, 19, 19, 19, 19, 19, 19, 19, 19, 19, 19, 19], [19, 19, 21, 21, 19, 19, 19, 0, 0, 0, 0, 0, 0, 0, 0, 19, 19, 19, 19, 19, 0, 0, 19, 19, 19, 19, 19, 19, 19, 19], [21, 21, 21, 21, 21, 21, 21, 0, 0, 0, 0, 0, 0, 0, 0, 21, 19, 19, 19, 19, 0, 0, 19, 19, 19, 19, 19, 19, 19, 19], [0, 0, 21, 21, 21, 21, 21, 0, 0, 23, 23, 23, 23, 23, 23, 21, 21, 19, 19, 19, 0, 0, 19, 19, 19, 19, 19, 19, 19, 19], [0, 0, 23, 23, 23, 23, 23, 0, 0, 23, 23, 23, 23, 23, 23, 23, 21, 21, 19, 19, 0, 0, 19, 19, 19, 19, 19, 19, 19, 19], [25, 25, 25, 25, 25, 25, 25, 0, 0, 25, 25, 25, 25, 25, 23, 23, 23, 21, 21, 19, 0, 0, 19, 19, 19, 19, 19, 19, 19, 19], [25, 25, 25, 25, 25, 25, 25, 0, 0, 25, 25, 25, 25, 25, 23, 23, 23, 23, 21, 21, 0, 0, 19, 19, 19, 19, 19, 19, 19, 19], [25, 25, 25, 25, 25, 25, 25, 0, 0, 25, 25, 25, 25, 25, 0, 0, 0, 0, 0, 0, 0, 0, 19, 19, 19, 19, 19, 19, 19, 19], [25, 25, 25, 25, 25, 25, 25, 0, 0, 25, 25, 25, 25, 25, 0, 0, 0, 0, 0, 0, 0, 0, 19, 19, 19, 19, 19, 19, 19, 19], [25, 25, 25, 25, 25, 25, 25, 25, 25, 25, 25, 25, 25, 25, 25, 25, 25, 25, 25, 25, 23, 21, 21, 19, 19, 19, 19, 19, 19, 19], [25, 25, 25, 25, 25, 25, 25, 25, 25, 25, 25, 25, 25, 25, 25, 25, 25, 25, 25, 25, 25, 23, 21, 21, 19, 19, 19, 19, 19, 19], [27, 25, 25, 25, 25, 25, 25, 25, 25, 25, 25, 25, 25, 25, 25, 25, 25, 25, 25, 25, 25, 25, 23, 21, 21, 19, 19, 19, 19, 19], [32, 27, 25, 25, 25, 25, 25, 25, 25, 25, 25, 25, 25, 25, 25, 25, 25, 25, 25, 25, 25, 25, 25, 23, 21, 19, 19, 19, 19, 19], [40, 32, 27, 25, 25, 25, 25, 25, 25, 25, 25, 25, 25, 25, 25, 25, 25, 25, 25, 25, 25, 25, 0, 0, 21, 19, 19, 19, 19, 19], [49, 40, 32, 27, 25, 25, 25, 25, 25, 25, 25, 25, 25, 25, 25, 25, 25, 25, 25, 25, 25, 25, 0, 0, 21, 21, 19, 19, 19, 19], [57, 49, 40, 32, 27, 25, 25, 25, 25, 25, 25, 25, 25, 25, 25, 25, 25, 25, 25, 25, 25, 25, 25, 23, 21, 21, 19, 19, 19, 19], [61, 57, 49, 40, 32, 27, 25, 25, 25, 25, 25, 25, 25, 25, 25, 25, 25, 25, 25, 25, 25, 25, 25, 25, 23, 21, 21, 19, 19, 19], [61, 61, 57, 49, 40, 32, 27, 25, 25, 25, 25, 25, 25, 25, 25, 25, 25, 25, 25, 25, 25, 25, 25, 25, 25, 23, 21, 21, 19, 19], [61, 61, 61, 57, 49, 40, 32, 27, 25, 25, 25, 25, 25, 25, 25, 25, 25, 25, 25, 25, 25, 25, 25, 25, 25, 23, 23, 21, 21, 19]]

-----------------------
##story##
You have defeated the forces of Xandros, but the evil lord himself is still alive, and strengthening his forces at his dark tower of Nexenta, preparing for a second attack. It is critical that an attack is mounted on Nexenta before Xandros summons a new wave of attackers.
##classes##
soldier {'side':1,'aitype':1,'damage':8,'health':125,'range':1.6,'image':'Soldier.png','speed':0.1}
darkknight {'side':0,'aitype':0,'damage':8,'health':125,'range':1.6,'image':'Soldier3.png','speed':0.1}
pikeman {'side':1,'aitype':1,'damage':8,'health':70,'range':2.5,'image':'Pikeman.png','speed':0.1,'cmult':0.5}
darkpikeman {'side':0,'aitype':0,'damage':8,'health':70,'range':2.5,'image':'Pikeman3.png','speed':0.1,'cmult':0.5}
catapult {'side':0,'aitype':0,'damage':60,'health':70,'range':50,'image':'Catapult.png','speed':0.0,'inacc':3}
##events##
setup 33.333 0 40 30
unit darkpikeman 1.333 2.5 
unit darkpikeman 1.333 3.5 
unit darkpikeman 1.333 4.5 
unit darkknight 2.666 1.5
unit darkknight 2.666 3
unit darkknight 2.666 4
unit darkknight 2.666 5.5
unit darkpikeman 1.333 25.5 
unit darkpikeman 1.333 26.5 
unit darkpikeman 1.333 27.5 
unit darkknight 2.666 24.5
unit darkknight 2.666 26
unit darkknight 2.666 27
unit darkknight 2.666 28.5
unit catapult 1.333 15
whenever 500t500 do unit darkknight 1.333 2.666
whenever 500t500 do unit darkpikeman 1.333 1.333 
whenever 500t500 do unit darkknight 1.333 27.333
whenever 500t500 do unit darkpikeman 1.333 28.666 
unit soldier 37.333 7.666
unit soldier 37.333 9
unit soldier 37.333 10.333
unit soldier 37.333 11.666
unit soldier 37.333 13
unit soldier 37.333 14.333
unit soldier 37.333 15.666
unit soldier 37.333 17
unit soldier 37.333 18.333
unit soldier 37.333 19.666
unit soldier 37.333 21
unit soldier 37.333 22.333
unit pikeman 38.666 7.666 
unit pikeman 38.666 9 
unit pikeman 38.666 10.333 
unit pikeman 38.666 11.666 
unit pikeman 38.666 13 
unit pikeman 38.666 14.333 
unit pikeman 38.666 15.666 
unit pikeman 38.666 17 
unit pikeman 38.666 18.333 
unit pikeman 38.666 19.666 
unit pikeman 38.666 21 
unit pikeman 38.666 22.333 
##terrain##
[[40, 40, 40, 40, 40, 40, 40, 40, 40, 40, 40, 40, 40, 40, 40, 40, 40, 40, 40, 40, 40, 40, 40, 40, 40, 40, 40, 40, 40, 40], [40, 40, 40, 40, 40, 40, 40, 40, 40, 40, 40, 40, 40, 40, 40, 40, 40, 40, 40, 40, 40, 40, 40, 40, 40, 40, 40, 40, 40, 40], [40, 40, 40, 40, 40, 40, 40, 40, 40, 40, 40, 40, 40, 40, 40, 40, 40, 40, 40, 40, 40, 40, 40, 40, 40, 40, 40, 40, 40, 40], [40, 40, 40, 40, 40, 40, 40, 40, 40, 40, 40, 40, 40, 40, 40, 40, 40, 40, 40, 40, 40, 40, 40, 40, 40, 40, 40, 40, 40, 40], [40, 40, 40, 40, 40, 40, 40, 40, 40, 40, 0, 40, 40, 40, 40, 40, 40, 40, 40, 0, 0, 40, 40, 40, 40, 40, 40, 40, 40, 40], [40, 40, 40, 40, 40, 40, 40, 40, 40, 40, 0, 0, 40, 40, 40, 40, 40, 40, 40, 0, 0, 0, 40, 40, 40, 40, 40, 40, 40, 40], [40, 40, 40, 40, 40, 40, 40, 40, 40, 0, 0, 0, 40, 40, 40, 40, 40, 40, 40, 0, 0, 0, 40, 40, 40, 40, 40, 40, 40, 40], [40, 40, 40, 40, 40, 40, 40, 40, 40, 0, 0, 0, 40, 40, 40, 40, 40, 40, 40, 0, 0, 0, 0, 40, 40, 40, 40, 40, 40, 40], [40, 40, 40, 40, 40, 40, 40, 40, 40, 0, 0, 0, 40, 40, 40, 40, 40, 40, 40, 0, 0, 0, 0, 61, 61, 61, 61, 61, 40, 40], [40, 40, 40, 40, 40, 61, 61, 0, 0, 0, 0, 40, 40, 40, 40, 40, 40, 40, 40, 40, 0, 0, 0, 61, 61, 61, 61, 61, 40, 40], [40, 40, 40, 61, 61, 61, 0, 0, 0, 0, 0, 40, 40, 40, 40, 40, 40, 40, 40, 40, 0, 0, 0, 0, 0, 61, 61, 61, 40, 40], [40, 40, 61, 61, 61, 61, 0, 0, 0, 0, 40, 40, 40, 40, 40, 40, 40, 40, 40, 40, 0, 0, 0, 0, 0, 61, 61, 61, 40, 40], [40, 40, 61, 61, 61, 0, 0, 0, 0, 40, 40, 40, 40, 40, 40, 40, 40, 40, 40, 40, 40, 0, 0, 0, 0, 61, 61, 61, 40, 40], [40, 40, 40, 40, 40, 0, 0, 0, 40, 40, 40, 40, 40, 40, 40, 40, 40, 40, 40, 40, 40, 40, 0, 0, 0, 0, 40, 40, 40, 40], [40, 40, 40, 40, 40, 0, 0, 40, 40, 40, 40, 40, 40, 40, 40, 40, 40, 40, 40, 40, 40, 40, 0, 0, 0, 0, 40, 40, 40, 40], [40, 40, 40, 40, 40, 0, 0, 40, 40, 40, 40, 40, 40, 40, 40, 40, 40, 40, 40, 40, 40, 40, 40, 0, 0, 40, 40, 40, 40, 40], [40, 40, 40, 40, 40, 40, 0, 40, 40, 40, 40, 40, 40, 40, 40, 40, 40, 40, 40, 40, 40, 40, 40, 40, 40, 40, 40, 40, 40, 40], [40, 40, 40, 40, 40, 40, 40, 40, 40, 40, 40, 40, 40, 40, 40, 40, 40, 40, 40, 40, 40, 40, 40, 40, 40, 40, 40, 40, 40, 40], [40, 40, 40, 40, 40, 40, 40, 40, 40, 40, 40, 40, 40, 40, 40, 40, 40, 40, 40, 40, 40, 40, 40, 40, 40, 40, 40, 40, 40, 40], [40, 40, 40, 40, 40, 40, 40, 40, 40, 40, 40, 40, 40, 40, 40, 40, 40, 40, 40, 40, 40, 40, 40, 40, 40, 40, 40, 40, 40, 40], [40, 40, 40, 40, 40, 40, 0, 40, 40, 40, 40, 40, 40, 40, 40, 40, 40, 40, 40, 40, 40, 40, 40, 40, 40, 40, 40, 40, 40, 40], [40, 40, 61, 61, 61, 0, 0, 0, 40, 40, 40, 40, 40, 40, 40, 40, 40, 40, 40, 40, 40, 40, 40, 0, 0, 40, 40, 40, 40, 40], [40, 40, 61, 61, 61, 0, 0, 0, 40, 40, 40, 40, 40, 40, 40, 40, 40, 40, 40, 40, 40, 40, 40, 40, 0, 0, 40, 40, 40, 40], [40, 40, 61, 61, 61, 0, 0, 0, 40, 40, 40, 40, 40, 40, 40, 40, 40, 40, 40, 40, 40, 40, 40, 40, 0, 0, 61, 61, 61, 61], [40, 40, 61, 61, 0, 0, 0, 0, 40, 40, 40, 40, 40, 40, 40, 40, 40, 40, 40, 40, 40, 40, 40, 40, 0, 0, 0, 61, 61, 61], [40, 40, 61, 61, 0, 0, 0, 0, 40, 40, 40, 40, 40, 40, 40, 40, 40, 40, 40, 40, 40, 40, 40, 40, 0, 0, 0, 61, 61, 61], [40, 40, 61, 61, 0, 0, 0, 0, 40, 40, 40, 40, 40, 40, 40, 40, 40, 40, 40, 40, 40, 40, 40, 40, 40, 0, 0, 0, 61, 61], [40, 40, 40, 40, 40, 0, 0, 0, 40, 40, 40, 40, 40, 40, 40, 40, 40, 40, 40, 40, 40, 40, 40, 40, 40, 0, 0, 0, 61, 61], [40, 40, 40, 40, 40, 40, 40, 40, 40, 40, 40, 40, 40, 40, 40, 40, 40, 40, 40, 40, 40, 40, 40, 40, 40, 40, 40, 0, 61, 61], [40, 40, 40, 40, 40, 40, 40, 40, 40, 40, 40, 40, 40, 40, 40, 40, 40, 40, 40, 40, 40, 40, 40, 40, 40, 40, 40, 40, 40, 40], [40, 40, 40, 40, 40, 40, 40, 40, 40, 40, 40, 40, 40, 40, 40, 40, 40, 40, 40, 40, 40, 40, 40, 40, 40, 40, 40, 40, 40, 40], [40, 40, 40, 40, 40, 40, 40, 40, 0, 0, 0, 0, 0, 0, 0, 0, 0, 40, 40, 40, 40, 40, 40, 40, 40, 40, 40, 40, 40, 40], [40, 40, 40, 40, 40, 40, 40, 40, 0, 0, 0, 0, 0, 0, 0, 0, 0, 0, 0, 0, 0, 0, 0, 0, 40, 40, 40, 40, 40, 40], [40, 40, 40, 40, 40, 40, 40, 40, 0, 0, 0, 0, 0, 0, 0, 0, 0, 0, 0, 0, 0, 0, 0, 0, 40, 40, 40, 40, 40, 40], [40, 40, 40, 40, 40, 40, 40, 40, 40, 40, 40, 40, 40, 40, 40, 40, 40, 40, 40, 40, 40, 40, 40, 40, 40, 40, 40, 40, 40, 40], [40, 40, 40, 40, 40, 40, 40, 40, 40, 40, 40, 40, 40, 40, 40, 40, 40, 40, 40, 40, 40, 40, 40, 40, 40, 40, 40, 40, 40, 40], [40, 40, 40, 40, 40, 40, 40, 40, 40, 40, 40, 40, 40, 40, 40, 40, 40, 40, 40, 40, 40, 40, 40, 40, 40, 40, 40, 40, 40, 40], [40, 40, 40, 40, 40, 40, 40, 40, 40, 40, 40, 40, 40, 40, 40, 40, 40, 40, 40, 40, 40, 40, 40, 40, 40, 40, 40, 40, 40, 40], [40, 40, 40, 40, 40, 40, 40, 40, 40, 40, 40, 40, 40, 40, 40, 40, 40, 40, 40, 40, 40, 40, 40, 40, 40, 40, 40, 40, 40, 40], [40, 40, 40, 40, 40, 40, 40, 40, 40, 40, 40, 40, 40, 40, 40, 40, 40, 40, 40, 40, 40, 40, 40, 40, 40, 40, 40, 40, 40, 40]]

-----------------------
##story##
Having defeated the enemy army once again in the forest, you can now head straight for Nexenta. To save time, the army takes a shortcut through a valley. This will kill many of your men, but the alternative is getting there so late that their army will be already regrouped. You cannot afford to lose this battle. Good luck.
##classes##
soldier {'side':1,'aitype':1,'damage':8,'health':125,'range':1.6,'image':'Soldier.png','speed':0.1}
darkknight {'side':0,'aitype':0,'damage':8,'health':125,'range':1.6,'image':'Soldier3.png','speed':0.1}
pikeman {'side':1,'aitype':1,'damage':8,'health':70,'range':2.5,'image':'Pikeman.png','speed':0.1,'cmult':0.5}
darkpikeman {'side':0,'aitype':0,'damage':8,'health':70,'range':2.5,'image':'Pikeman3.png','speed':0.1,'cmult':0.5}
archer {'side':1,'aitype':1,'damage':8,'health':55,'range':50,'image':'Archer.png','speed':0.067,'bmult':2}
warlock {'side':0,'aitype':0,'damage':12,'health':55,'range':50,'image':'Mage3.png','speed':0.067,'inacc':2}
##events##
setup 26.666 0 40 30
unit darkpikeman 2.666 9.333 
unit darkpikeman 2.666 10.666 
unit darkpikeman 2.666 12 
unit darkpikeman 2.666 5.333 
unit darkpikeman 2.666 6.666 
unit darkpikeman 2.666 8 
unit warlock 2.666 1.333 
unit warlock 2.666 2.666 
unit warlock 2.666 4
unit warlock 2.666 18 
unit warlock 2.666 19.333 
unit warlock 2.666 20.666 
unit darkknight 2.666 22
unit darkknight 2.666 23.333
unit darkknight 2.666 24.666
unit darkknight 2.666 26
unit darkknight 2.666 27.333
unit darkknight 2.666 28.666
unit soldier 37.333 26
unit soldier 37.333 27.333
unit soldier 37.333 28.666
unit pikeman 37.333 1.333 
unit pikeman 37.333 2.666 
unit pikeman 37.333 4 
unit archer 37.333 13.666 
unit archer 37.333 15 
unit archer 37.333 16.333 
whenever 50t320 do unit pikeman 38.666 1.333 
whenever 50t320 do unit archer 38.666 15 
whenever 50t320 do unit soldier 38.666 28.666
##terrain##
[[48, 48, 48, 40, 40, 40, 35, 35, 30, 30, 25, 25, 20, 10, 10, 20, 25, 25, 30, 30, 30, 35, 35, 35, 40, 40, 40, 40, 40, 40], [48, 48, 48, 40, 40, 40, 35, 35, 30, 30, 25, 25, 20, 10, 10, 20, 25, 25, 30, 30, 30, 35, 35, 35, 40, 40, 40, 40, 40, 40], [40, 48, 48, 40, 40, 40, 35, 35, 30, 30, 25, 25, 20, 10, 10, 20, 25, 25, 25, 30, 30, 35, 35, 35, 40, 40, 40, 40, 40, 40], [40, 48, 48, 48, 40, 40, 35, 35, 30, 30, 25, 25, 20, 10, 10, 20, 25, 25, 25, 30, 30, 35, 35, 35, 40, 40, 40, 40, 40, 40], [0, 0, 42, 48, 48, 40, 35, 35, 30, 30, 25, 25, 20, 10, 10, 20, 25, 25, 25, 30, 30, 35, 35, 35, 40, 40, 40, 40, 40, 40], [0, 0, 42, 42, 48, 40, 35, 35, 30, 30, 25, 25, 20, 10, 10, 20, 25, 25, 25, 30, 30, 35, 35, 35, 40, 40, 40, 40, 40, 40], [0, 0, 40, 42, 0, 0, 0, 0, 30, 30, 25, 25, 20, 10, 10, 20, 25, 0, 0, 0, 0, 0, 0, 35, 40, 40, 40, 40, 40, 40], [0, 0, 40, 0, 0, 0, 0, 0, 30, 30, 25, 25, 20, 10, 10, 20, 25, 0, 0, 0, 0, 0, 0, 35, 40, 40, 40, 40, 40, 40], [0, 0, 40, 0, 0, 0, 0, 35, 30, 30, 25, 25, 20, 10, 10, 20, 25, 25, 0, 0, 0, 0, 0, 35, 40, 40, 40, 40, 40, 40], [0, 0, 40, 40, 40, 40, 35, 35, 30, 30, 25, 25, 20, 10, 10, 20, 25, 25, 30, 30, 30, 35, 0, 35, 40, 40, 40, 40, 40, 40], [0, 0, 0, 0, 40, 40, 35, 35, 30, 30, 25, 25, 20, 10, 10, 20, 25, 25, 30, 30, 30, 35, 35, 35, 40, 40, 40, 40, 40, 40], [0, 0, 0, 0, 40, 40, 35, 35, 30, 30, 25, 25, 20, 10, 10, 20, 25, 25, 30, 30, 30, 35, 35, 35, 40, 40, 40, 40, 40, 40], [0, 0, 0, 40, 40, 40, 35, 35, 30, 30, 25, 25, 20, 10, 10, 20, 25, 25, 25, 30, 30, 35, 35, 35, 40, 40, 40, 40, 40, 0], [0, 0, 0, 40, 40, 40, 35, 0, 30, 0, 25, 25, 20, 10, 10, 25, 25, 25, 25, 30, 0, 0, 0, 0, 40, 40, 40, 40, 40, 0], [0, 0, 0, 40, 40, 40, 35, 0, 0, 0, 0, 25, 20, 10, 10, 25, 25, 25, 25, 30, 0, 0, 0, 0, 0, 40, 40, 40, 0, 0], [0, 0, 0, 40, 40, 40, 35, 0, 0, 0, 0, 25, 20, 10, 10, 25, 25, 25, 25, 30, 30, 0, 0, 0, 0, 48, 48, 48, 0, 0], [0, 0, 0, 40, 40, 40, 35, 0, 0, 0, 0, 0, 20, 10, 10, 25, 25, 25, 25, 30, 30, 35, 35, 0, 0, 0, 40, 0, 0, 0], [0, 0, 0, 40, 40, 40, 35, 0, 0, 0, 0, 0, 0, 10, 10, 25, 25, 25, 25, 30, 30, 35, 35, 35, 35, 0, 40, 0, 0, 0], [0, 0, 0, 40, 40, 40, 35, 35, 0, 0, 0, 0, 0, 0, 0, 0, 0, 0, 0, 30, 30, 35, 35, 35, 35, 0, 40, 0, 0, 0], [0, 0, 0, 40, 40, 40, 35, 35, 30, 30, 0, 0, 0, 0, 0, 0, 0, 0, 0, 30, 30, 35, 35, 35, 35, 48, 40, 0, 0, 0], [0, 0, 0, 40, 40, 40, 35, 35, 30, 30, 25, 25, 0, 0, 0, 0, 0, 0, 0, 30, 30, 35, 35, 35, 35, 48, 0, 0, 0, 0], [0, 0, 0, 40, 40, 40, 40, 35, 30, 30, 25, 25, 0, 0, 10, 25, 25, 25, 30, 30, 30, 35, 35, 35, 40, 48, 0, 0, 0, 0], [0, 0, 40, 40, 40, 40, 40, 35, 30, 30, 25, 25, 0, 0, 10, 20, 25, 25, 30, 30, 30, 35, 35, 35, 40, 40, 0, 0, 0, 0], [0, 40, 40, 40, 40, 40, 40, 35, 30, 30, 25, 25, 20, 0, 10, 20, 25, 25, 30, 30, 30, 35, 35, 35, 35, 40, 40, 0, 0, 0], [48, 40, 40, 40, 40, 40, 35, 35, 30, 30, 25, 25, 20, 0, 10, 20, 25, 25, 30, 30, 0, 0, 0, 0, 35, 40, 40, 0, 0, 0], [48, 40, 40, 40, 40, 40, 35, 35, 30, 30, 25, 25, 20, 10, 10, 20, 25, 25, 30, 30, 0, 0, 0, 0, 0, 40, 40, 0, 0, 0], [48, 40, 40, 40, 40, 0, 35, 35, 30, 30, 25, 25, 20, 10, 10, 20, 25, 25, 25, 0, 0, 0, 0, 0, 0, 40, 40, 0, 0, 0], [48, 40, 40, 40, 40, 0, 0, 0, 30, 30, 25, 25, 20, 10, 10, 20, 20, 25, 25, 25, 30, 30, 35, 35, 35, 40, 40, 0, 0, 0], [48, 40, 40, 40, 40, 0, 0, 0, 30, 30, 25, 25, 20, 10, 10, 20, 20, 25, 25, 25, 30, 30, 35, 35, 35, 40, 40, 0, 0, 0], [48, 40, 40, 40, 40, 0, 0, 0, 0, 25, 25, 20, 20, 20, 8, 8, 20, 25, 25, 25, 30, 30, 35, 35, 35, 40, 40, 0, 0, 0], [48, 40, 40, 40, 40, 40, 0, 0, 0, 25, 25, 20, 20, 20, 8, 8, 0, 0, 0, 0, 0, 0, 35, 35, 35, 40, 40, 0, 0, 0], [48, 40, 40, 40, 40, 40, 35, 0, 0, 25, 0, 0, 0, 0, 8, 8, 0, 0, 0, 0, 0, 0, 0, 35, 35, 40, 40, 0, 0, 0], [0, 40, 40, 40, 40, 35, 30, 30, 0, 0, 0, 20, 20, 20, 8, 8, 20, 20, 0, 0, 25, 0, 0, 35, 35, 40, 40, 48, 0, 0], [0, 0, 48, 48, 48, 35, 30, 30, 0, 0, 20, 20, 20, 20, 8, 8, 20, 20, 20, 25, 25, 30, 30, 35, 35, 40, 40, 48, 0, 0], [0, 0, 0, 0, 48, 35, 30, 30, 25, 25, 20, 20, 20, 8, 8, 8, 20, 20, 20, 25, 25, 30, 30, 35, 35, 40, 40, 48, 48, 48], [0, 0, 0, 0, 48, 35, 30, 30, 25, 25, 20, 20, 20, 8, 8, 8, 20, 20, 20, 25, 25, 25, 30, 35, 35, 40, 40, 40, 40, 40], [40, 40, 40, 40, 40, 35, 30, 30, 25, 25, 20, 20, 20, 8, 8, 8, 20, 20, 20, 25, 25, 25, 30, 30, 35, 35, 40, 40, 40, 40], [40, 40, 40, 40, 40, 35, 30, 25, 25, 25, 20, 20, 8, 8, 8, 8, 20, 20, 20, 25, 25, 25, 30, 30, 35, 35, 40, 40, 40, 40], [40, 40, 40, 40, 40, 30, 30, 25, 25, 25, 20, 20, 20, 8, 8, 8, 20, 20, 20, 25, 25, 25, 30, 30, 30, 35, 35, 40, 40, 40], [40, 40, 40, 40, 35, 30, 30, 25, 25, 25, 20, 20, 8, 8, 8, 8, 20, 20, 20, 25, 25, 25, 30, 30, 30, 35, 35, 40, 40, 40]]

-----------------------
##story##
You are finally at the gates of the dark tower of Nexenta. The tower's shadow looms over you, and you realize that at nightfall you'll either be at the top of the tower looking down on the incoming enemy reinforcements, foolishly entering not knowing that the leader is dead and the Crystal of Xubuntu is no longer feeding them power (wait a minute, you don't even know about the Crystal of Xubuntu yet, forget that) or you'll be looking up from the bowels of <insert your culture's version of the afterlife here>. Anyway, your force and the entire army of Madrina charges ahead.
##classes##
soldier {'side':1,'aitype':1,'damage':8,'health':125,'range':1.6,'image':'Soldier.png','speed':0.1}
pikeman {'side':1,'aitype':1,'damage':8,'health':70,'range':2.5,'image':'Pikeman.png','speed':0.1,'cmult':0.5}
golem {'side':0,'aitype':0,'damage':40,'health':190,'range':2.5,'image':'Golem.png','speed':0.04}
##events##
setup 26.666 0 40 30
unit golem 5.333 13.333
unit golem 5.333 15
unit golem 5.333 16.666
unit soldier 37.333 16
unit soldier 37.333 17.333
unit soldier 37.333 18.666
unit soldier 37.333 20
unit soldier 37.333 21.333
unit pikeman 38.666 16 
unit pikeman 38.666 17.333 
unit pikeman 38.666 18.666 
unit pikeman 38.666 20 
unit pikeman 38.666 21.333 
##terrain##
[[0, 0, 0, 0, 0, 0, 0, 0, 0, 0, 0, 0, 40, 40, 40, 40, 40, 40, 40, 0, 0, 0, 0, 0, 0, 0, 0, 0, 0, 0], [0, 0, 0, 0, 0, 0, 0, 0, 0, 0, 0, 0, 40, 40, 40, 40, 40, 40, 40, 0, 0, 0, 0, 0, 0, 0, 0, 0, 0, 0], [0, 0, 0, 0, 0, 0, 0, 0, 0, 0, 0, 0, 40, 40, 40, 40, 40, 40, 40, 0, 0, 0, 0, 0, 0, 0, 0, 0, 0, 0], [0, 0, 0, 0, 0, 0, 0, 0, 0, 0, 0, 0, 40, 40, 40, 40, 40, 40, 40, 0, 0, 0, 0, 0, 0, 0, 0, 0, 0, 0], [0, 0, 0, 0, 0, 0, 0, 0, 0, 0, 0, 0, 40, 40, 40, 40, 40, 40, 40, 0, 0, 0, 0, 0, 0, 0, 0, 0, 0, 0], [0, 0, 0, 0, 0, 0, 0, 0, 0, 0, 0, 0, 40, 40, 40, 40, 40, 40, 40, 0, 0, 0, 0, 0, 0, 0, 0, 0, 0, 0], [0, 0, 0, 0, 0, 0, 0, 0, 0, 0, 0, 0, 40, 40, 40, 40, 40, 40, 40, 0, 0, 0, 0, 0, 0, 0, 0, 0, 0, 0], [0, 0, 0, 0, 0, 0, 0, 0, 0, 0, 0, 0, 40, 40, 40, 40, 40, 40, 40, 0, 0, 0, 0, 0, 0, 0, 0, 0, 0, 0], [0, 0, 0, 0, 0, 0, 0, 0, 0, 0, 0, 0, 40, 40, 40, 40, 40, 40, 40, 0, 0, 0, 0, 0, 0, 0, 0, 0, 0, 0], [0, 0, 0, 0, 0, 0, 0, 0, 0, 0, 0, 0, 40, 40, 40, 40, 40, 40, 40, 0, 0, 0, 0, 0, 0, 0, 0, 0, 0, 0], [0, 0, 0, 0, 0, 0, 0, 0, 0, 0, 0, 0, 40, 40, 40, 40, 40, 40, 40, 0, 0, 0, 0, 0, 0, 0, 0, 0, 0, 0], [40, 40, 40, 40, 40, 40, 40, 40, 40, 40, 40, 40, 40, 40, 40, 40, 40, 40, 40, 40, 40, 40, 40, 40, 40, 40, 40, 40, 40, 40], [40, 40, 40, 40, 40, 40, 40, 40, 40, 40, 40, 40, 40, 40, 40, 40, 40, 40, 40, 40, 40, 40, 40, 40, 40, 40, 40, 40, 40, 40], [40, 40, 40, 40, 40, 40, 40, 40, 40, 40, 40, 40, 40, 40, 40, 40, 40, 40, 40, 40, 40, 40, 40, 40, 40, 40, 40, 40, 40, 40], [40, 40, 40, 40, 40, 40, 40, 40, 40, 40, 40, 40, 40, 40, 40, 40, 40, 40, 40, 40, 40, 40, 40, 40, 40, 40, 40, 40, 40, 40], [40, 40, 40, 40, 40, 40, 40, 40, 40, 40, 40, 40, 40, 40, 40, 40, 40, 40, 40, 40, 40, 40, 40, 40, 40, 40, 40, 40, 40, 40], [40, 40, 40, 40, 40, 40, 40, 40, 40, 40, 40, 40, 40, 40, 40, 40, 40, 40, 40, 40, 40, 40, 40, 40, 40, 40, 40, 40, 40, 40], [40, 40, 40, 40, 40, 40, 40, 40, 40, 40, 40, 40, 40, 40, 40, 40, 40, 40, 40, 40, 40, 40, 40, 40, 40, 40, 40, 40, 40, 40], [40, 40, 40, 40, 40, 40, 40, 40, 40, 40, 40, 40, 40, 40, 40, 40, 40, 40, 40, 40, 40, 40, 40, 40, 40, 40, 40, 40, 40, 40], [40, 40, 40, 40, 40, 40, 40, 40, 40, 40, 40, 40, 40, 40, 40, 40, 40, 40, 40, 40, 40, 40, 40, 40, 40, 40, 40, 40, 40, 40], [40, 40, 40, 40, 40, 40, 40, 40, 40, 40, 40, 40, 40, 40, 40, 40, 40, 40, 40, 40, 40, 40, 40, 40, 40, 40, 40, 40, 40, 40], [40, 40, 40, 40, 40, 40, 40, 40, 40, 40, 40, 40, 40, 40, 40, 40, 40, 40, 40, 40, 40, 40, 40, 40, 40, 40, 40, 40, 40, 40], [40, 40, 40, 40, 40, 40, 40, 40, 40, 40, 40, 40, 40, 40, 40, 40, 40, 40, 40, 40, 40, 40, 40, 40, 40, 40, 40, 40, 40, 40], [40, 40, 40, 40, 40, 40, 0, 0, 0, 0, 0, 0, 40, 40, 40, 40, 40, 40, 40, 0, 0, 0, 0, 0, 0, 40, 40, 40, 40, 40], [40, 40, 40, 40, 40, 40, 0, 0, 0, 0, 0, 0, 40, 40, 40, 40, 40, 40, 40, 0, 0, 0, 0, 0, 0, 40, 40, 40, 40, 40], [40, 40, 40, 40, 40, 40, 0, 0, 0, 0, 0, 0, 40, 40, 40, 40, 40, 40, 40, 0, 0, 0, 0, 0, 0, 40, 40, 40, 40, 40], [40, 40, 40, 40, 40, 40, 0, 0, 0, 0, 0, 0, 40, 40, 40, 40, 40, 40, 40, 0, 0, 0, 0, 0, 0, 40, 40, 40, 40, 40], [40, 40, 40, 40, 40, 40, 0, 0, 0, 0, 0, 0, 40, 40, 40, 40, 40, 40, 40, 0, 0, 0, 0, 0, 0, 40, 40, 40, 40, 40], [40, 40, 40, 40, 40, 40, 0, 0, 0, 0, 0, 0, 40, 40, 40, 40, 40, 40, 40, 0, 0, 0, 0, 0, 0, 40, 40, 40, 40, 40], [40, 40, 40, 40, 40, 40, 40, 40, 40, 40, 40, 40, 40, 40, 40, 40, 40, 40, 40, 40, 40, 40, 40, 40, 40, 40, 40, 40, 40, 40], [40, 40, 40, 40, 40, 40, 40, 40, 40, 40, 40, 40, 40, 40, 40, 40, 40, 40, 40, 40, 40, 40, 40, 40, 40, 40, 40, 40, 40, 40], [40, 40, 40, 40, 40, 40, 40, 40, 40, 40, 40, 40, 40, 40, 40, 40, 40, 40, 40, 40, 40, 40, 40, 40, 40, 40, 40, 40, 40, 40], [40, 40, 40, 40, 40, 40, 40, 40, 40, 40, 40, 40, 40, 40, 40, 40, 40, 40, 40, 40, 40, 40, 40, 40, 40, 40, 40, 40, 40, 40], [40, 40, 40, 40, 40, 40, 40, 40, 40, 40, 40, 40, 40, 40, 40, 40, 40, 40, 40, 40, 40, 40, 40, 40, 40, 40, 40, 40, 40, 40], [40, 40, 40, 40, 40, 40, 40, 40, 40, 40, 40, 40, 40, 40, 40, 40, 40, 40, 40, 40, 40, 40, 40, 40, 40, 40, 40, 40, 40, 40], [40, 40, 40, 40, 40, 40, 40, 40, 40, 40, 40, 40, 40, 40, 40, 40, 40, 40, 40, 40, 40, 40, 40, 40, 40, 40, 40, 40, 40, 40], [40, 40, 40, 40, 40, 40, 40, 40, 40, 40, 40, 40, 40, 40, 40, 40, 40, 40, 40, 40, 40, 40, 40, 40, 40, 40, 40, 40, 40, 40], [40, 40, 40, 40, 40, 40, 40, 40, 40, 40, 40, 40, 40, 40, 40, 40, 40, 40, 40, 40, 40, 40, 40, 40, 40, 40, 40, 40, 40, 40], [40, 40, 40, 40, 40, 40, 40, 40, 40, 40, 40, 40, 40, 40, 40, 40, 40, 40, 40, 40, 40, 40, 40, 40, 40, 40, 40, 40, 40, 40], [40, 40, 40, 40, 40, 40, 40, 40, 40, 40, 40, 40, 40, 40, 40, 40, 40, 40, 40, 40, 40, 40, 40, 40, 40, 40, 40, 40, 40, 40]]

-----------------------
##story##
You have broken through Nexenta's gates and your men reach the top of the tower. You hear masses of reinforcements rushing into the tower behind you. Then, you see a summoning circle appear in the center of the room.
##classes##
archer {'side':1,'aitype':1,'damage':6,'health':100,'range':50,'image':'Archer.png','speed':0.1,'bmult':1.00,'cmult':1.00}
xandros {'side':0,'aitype':0,'damage':45,'health':15000,'range':3.5,'image':'Boss1.png','speed':0.133,'bmult':1.00,'cmult':1.00}
##events##
setup 0 0 40 30
unit xandros 20 15 
unit archer 38.333 1 
unit archer 38.333 2.333 
unit archer 38.333 3.666 
unit archer 38.333 5 
unit archer 38.333 6.333 
unit archer 38.333 7.666 
unit archer 38.333 9 
unit archer 38.333 10.333 
unit archer 38.333 11.666 
unit archer 38.333 13 
unit archer 38.333 14.333 
unit archer 38.333 15.666 
unit archer 38.333 17 
unit archer 38.333 18.333 
unit archer 38.333 19.666 
unit archer 38.333 21 
unit archer 38.333 22.333 
unit archer 38.333 23.666 
unit archer 38.333 25 
unit archer 38.333 26.333 
unit archer 38.333 27.666 
unit archer 38.333 29 
##terrain##
[[20, 20, 20, 20, 20, 20, 20, 20, 20, 20, 20, 20, 20, 20, 20, 20, 20, 20, 20, 20, 20, 20, 20, 20, 20, 20, 20, 20, 20, 20], [20, 20, 20, 20, 20, 20, 20, 20, 20, 20, 20, 20, 20, 20, 20, 20, 20, 20, 20, 20, 20, 20, 20, 20, 20, 20, 20, 20, 20, 20], [20, 20, 20, 20, 20, 20, 20, 20, 20, 20, 20, 20, 20, 20, 20, 20, 20, 20, 20, 20, 20, 20, 20, 20, 20, 20, 20, 20, 20, 20], [20, 20, 20, 20, 20, 20, 20, 20, 20, 20, 20, 20, 20, 20, 20, 20, 20, 20, 20, 20, 20, 20, 20, 20, 20, 20, 20, 20, 20, 20], [20, 20, 20, 20, 20, 20, 20, 20, 20, 20, 20, 20, 20, 20, 20, 20, 20, 20, 20, 20, 20, 20, 20, 20, 20, 20, 20, 20, 20, 20], [20, 20, 20, 20, 20, 20, 20, 20, 20, 20, 20, 20, 20, 20, 20, 20, 20, 20, 20, 20, 20, 20, 20, 20, 20, 20, 20, 20, 20, 20], [20, 20, 20, 20, 20, 20, 20, 20, 20, 20, 20, 20, 20, 20, 20, 20, 20, 20, 20, 20, 20, 20, 20, 20, 20, 20, 20, 20, 20, 20], [20, 20, 20, 20, 20, 20, 20, 20, 20, 20, 20, 20, 20, 20, 20, 20, 20, 20, 20, 20, 20, 20, 20, 20, 20, 20, 20, 20, 20, 20], [20, 20, 20, 20, 20, 20, 20, 20, 20, 20, 20, 20, 20, 20, 20, 20, 20, 20, 20, 20, 20, 20, 20, 20, 20, 20, 20, 20, 20, 20], [20, 20, 20, 20, 20, 20, 20, 20, 20, 20, 20, 20, 20, 20, 20, 20, 20, 20, 20, 20, 20, 20, 20, 20, 20, 20, 20, 20, 20, 20], [20, 20, 20, 20, 20, 20, 20, 20, 20, 20, 20, 20, 20, 20, 20, 20, 20, 20, 20, 20, 20, 20, 20, 20, 20, 20, 20, 20, 20, 20], [20, 20, 20, 20, 20, 20, 20, 20, 20, 20, 20, 20, 20, 20, 20, 20, 20, 20, 20, 20, 20, 20, 20, 20, 20, 20, 20, 20, 20, 20], [20, 20, 20, 20, 20, 20, 20, 20, 20, 20, 20, 20, 20, 20, 20, 20, 20, 20, 20, 20, 20, 20, 20, 20, 20, 20, 20, 20, 20, 20], [20, 20, 20, 20, 20, 20, 20, 20, 20, 20, 20, 20, 20, 20, 20, 20, 20, 20, 20, 20, 20, 20, 20, 20, 20, 20, 20, 20, 20, 20], [20, 20, 20, 20, 20, 20, 20, 20, 20, 20, 20, 20, 20, 20, 20, 20, 20, 20, 20, 20, 20, 20, 20, 20, 20, 20, 20, 20, 20, 20], [20, 20, 20, 20, 20, 20, 20, 20, 20, 20, 20, 20, 20, 20, 20, 20, 20, 20, 20, 20, 20, 20, 20, 20, 20, 20, 20, 20, 20, 20], [20, 20, 20, 20, 20, 20, 20, 20, 20, 20, 20, 20, 20, 20, 20, 20, 20, 20, 20, 20, 20, 20, 20, 20, 20, 20, 20, 20, 20, 20], [20, 20, 20, 20, 20, 20, 20, 20, 20, 20, 20, 20, 20, 20, 20, 20, 20, 20, 20, 20, 20, 20, 20, 20, 20, 20, 20, 20, 20, 20], [20, 20, 20, 20, 20, 20, 20, 20, 20, 20, 20, 20, 20, 20, 20, 20, 20, 20, 20, 20, 20, 20, 20, 20, 20, 20, 20, 20, 20, 20], [20, 20, 20, 20, 20, 20, 20, 20, 20, 20, 20, 20, 20, 20, 20, 20, 20, 20, 20, 20, 20, 20, 20, 20, 20, 20, 20, 20, 20, 20], [20, 20, 20, 20, 20, 20, 20, 20, 20, 20, 20, 20, 20, 20, 20, 20, 20, 20, 20, 20, 20, 20, 20, 20, 20, 20, 20, 20, 20, 20], [20, 20, 20, 20, 20, 20, 20, 20, 20, 20, 20, 20, 20, 20, 20, 20, 20, 20, 20, 20, 20, 20, 20, 20, 20, 20, 20, 20, 20, 20], [20, 20, 20, 20, 20, 20, 20, 20, 20, 20, 20, 20, 20, 20, 20, 20, 20, 20, 20, 20, 20, 20, 20, 20, 20, 20, 20, 20, 20, 20], [20, 20, 20, 20, 20, 20, 20, 20, 20, 20, 20, 20, 20, 20, 20, 20, 20, 20, 20, 20, 20, 20, 20, 20, 20, 20, 20, 20, 20, 20], [20, 20, 20, 20, 20, 20, 20, 20, 20, 20, 20, 20, 20, 20, 20, 20, 20, 20, 20, 20, 20, 20, 20, 20, 20, 20, 20, 20, 20, 20], [20, 20, 20, 20, 20, 20, 20, 20, 20, 20, 20, 20, 20, 20, 20, 20, 20, 20, 20, 20, 20, 20, 20, 20, 20, 20, 20, 20, 20, 20], [20, 20, 20, 20, 20, 20, 20, 20, 20, 20, 20, 20, 20, 20, 20, 20, 20, 20, 20, 20, 20, 20, 20, 20, 20, 20, 20, 20, 20, 20], [20, 20, 20, 20, 20, 20, 20, 20, 20, 20, 20, 20, 20, 20, 20, 20, 20, 20, 20, 20, 20, 20, 20, 20, 20, 20, 20, 20, 20, 20], [20, 20, 20, 20, 20, 20, 20, 20, 20, 20, 20, 20, 20, 20, 20, 20, 20, 20, 20, 20, 20, 20, 20, 20, 20, 20, 20, 20, 20, 20], [20, 20, 20, 20, 20, 20, 20, 20, 20, 20, 20, 20, 20, 20, 20, 20, 20, 20, 20, 20, 20, 20, 20, 20, 20, 20, 20, 20, 20, 20], [20, 20, 20, 20, 20, 20, 20, 20, 20, 20, 20, 20, 20, 20, 20, 20, 20, 20, 20, 20, 20, 20, 20, 20, 20, 20, 20, 20, 20, 20], [20, 20, 20, 20, 20, 20, 20, 20, 20, 20, 20, 20, 20, 20, 20, 20, 20, 20, 20, 20, 20, 20, 20, 20, 20, 20, 20, 20, 20, 20], [20, 20, 20, 20, 20, 20, 20, 20, 20, 20, 20, 20, 20, 20, 20, 20, 20, 20, 20, 20, 20, 20, 20, 20, 20, 20, 20, 20, 20, 20], [20, 20, 20, 20, 20, 20, 20, 20, 20, 20, 20, 20, 20, 20, 20, 20, 20, 20, 20, 20, 20, 20, 20, 20, 20, 20, 20, 20, 20, 20], [20, 20, 20, 20, 20, 20, 20, 20, 20, 20, 20, 20, 20, 20, 20, 20, 20, 20, 20, 20, 20, 20, 20, 20, 20, 20, 20, 20, 20, 20], [20, 20, 20, 20, 20, 20, 20, 20, 20, 20, 20, 20, 20, 20, 20, 20, 20, 20, 20, 20, 20, 20, 20, 20, 20, 20, 20, 20, 20, 20], [20, 20, 20, 20, 20, 20, 20, 20, 20, 20, 20, 20, 20, 20, 20, 20, 20, 20, 20, 20, 20, 20, 20, 20, 20, 20, 20, 20, 20, 20], [20, 20, 20, 20, 20, 20, 20, 20, 20, 20, 20, 20, 20, 20, 20, 20, 20, 20, 20, 20, 20, 20, 20, 20, 20, 20, 20, 20, 20, 20], [20, 20, 20, 20, 20, 20, 20, 20, 20, 20, 20, 20, 20, 20, 20, 20, 20, 20, 20, 20, 20, 20, 20, 20, 20, 20, 20, 20, 20, 20], [20, 20, 20, 20, 20, 20, 20, 20, 20, 20, 20, 20, 20, 20, 20, 20, 20, 20, 20, 20, 20, 20, 20, 20, 20, 20, 20, 20, 20, 20]]

-----------------------
##story##
You have defeated Xandros and freed your city and queen from oppression. With Xandros's death, Queen Madrina seizes the crystal. No longer maintained by Xandros the hordes of demons dematerialize just as hundreds of them rush into their room to help their (no longer existent) master. However, the Crystal of Xubuntu is inherently evil and does not recognize good as a master. Years after peace is restored, Queen Madrina herself becomes possessed by its power... (Hey, I had to leave room for a sequel!)
##classes##
##events##
win
##terrain##
[[20, 20, 20, 20, 20, 20, 20, 20, 20, 20, 20, 20, 20, 20, 20, 20, 20, 20, 20, 20, 20, 20, 20, 20, 20, 20, 20, 20, 20, 20], [20, 20, 20, 20, 20, 20, 20, 20, 20, 20, 20, 20, 20, 20, 20, 20, 20, 20, 20, 20, 20, 20, 20, 20, 20, 20, 20, 20, 20, 20], [20, 20, 20, 20, 20, 20, 20, 20, 20, 20, 20, 20, 20, 20, 20, 20, 20, 20, 20, 20, 20, 20, 20, 20, 20, 20, 20, 20, 20, 20], [20, 20, 20, 20, 20, 20, 20, 20, 20, 20, 20, 20, 20, 20, 20, 20, 20, 20, 20, 20, 20, 20, 20, 20, 20, 20, 20, 20, 20, 20], [20, 20, 20, 20, 20, 20, 20, 20, 20, 20, 20, 20, 20, 20, 20, 20, 20, 20, 20, 20, 20, 20, 20, 20, 20, 20, 20, 20, 20, 20], [20, 20, 20, 20, 20, 20, 20, 20, 20, 20, 20, 20, 20, 20, 20, 20, 20, 20, 20, 20, 20, 20, 20, 20, 20, 20, 20, 20, 20, 20], [20, 20, 20, 20, 20, 20, 20, 20, 20, 20, 20, 20, 20, 20, 20, 20, 20, 20, 20, 20, 20, 20, 20, 20, 20, 20, 20, 20, 20, 20], [20, 20, 20, 20, 20, 20, 20, 20, 20, 20, 20, 20, 20, 20, 20, 20, 20, 20, 20, 20, 20, 20, 20, 20, 20, 20, 20, 20, 20, 20], [20, 20, 20, 20, 20, 20, 20, 20, 20, 20, 20, 20, 20, 20, 20, 20, 20, 20, 20, 20, 20, 20, 20, 20, 20, 20, 20, 20, 20, 20], [20, 20, 20, 20, 20, 20, 20, 20, 20, 20, 20, 20, 20, 20, 20, 20, 20, 20, 20, 20, 20, 20, 20, 20, 20, 20, 20, 20, 20, 20], [20, 20, 20, 20, 20, 20, 20, 20, 20, 20, 20, 20, 20, 20, 20, 20, 20, 20, 20, 20, 20, 20, 20, 20, 20, 20, 20, 20, 20, 20], [20, 20, 20, 20, 20, 20, 20, 20, 20, 20, 20, 20, 20, 20, 20, 20, 20, 20, 20, 20, 20, 20, 20, 20, 20, 20, 20, 20, 20, 20], [20, 20, 20, 20, 20, 20, 20, 20, 20, 20, 20, 20, 20, 20, 20, 20, 20, 20, 20, 20, 20, 20, 20, 20, 20, 20, 20, 20, 20, 20], [20, 20, 20, 20, 20, 20, 20, 20, 20, 20, 20, 20, 20, 20, 20, 20, 20, 20, 20, 20, 20, 20, 20, 20, 20, 20, 20, 20, 20, 20], [20, 20, 20, 20, 20, 20, 20, 20, 20, 20, 20, 20, 20, 20, 20, 20, 20, 20, 20, 20, 20, 20, 20, 20, 20, 20, 20, 20, 20, 20], [20, 20, 20, 20, 20, 20, 20, 20, 20, 20, 20, 20, 20, 20, 20, 20, 20, 20, 20, 20, 20, 20, 20, 20, 20, 20, 20, 20, 20, 20], [20, 20, 20, 20, 20, 20, 20, 20, 20, 20, 20, 20, 20, 20, 20, 20, 20, 20, 20, 20, 20, 20, 20, 20, 20, 20, 20, 20, 20, 20], [20, 20, 20, 20, 20, 20, 20, 20, 20, 20, 20, 20, 20, 20, 20, 20, 20, 20, 20, 20, 20, 20, 20, 20, 20, 20, 20, 20, 20, 20], [20, 20, 20, 20, 20, 20, 20, 20, 20, 20, 20, 20, 20, 20, 20, 20, 20, 20, 20, 20, 20, 20, 20, 20, 20, 20, 20, 20, 20, 20], [20, 20, 20, 20, 20, 20, 20, 20, 20, 20, 20, 20, 20, 20, 20, 20, 20, 20, 20, 20, 20, 20, 20, 20, 20, 20, 20, 20, 20, 20], [20, 20, 20, 20, 20, 20, 20, 20, 20, 20, 20, 20, 20, 20, 20, 20, 20, 20, 20, 20, 20, 20, 20, 20, 20, 20, 20, 20, 20, 20], [20, 20, 20, 20, 20, 20, 20, 20, 20, 20, 20, 20, 20, 20, 20, 20, 20, 20, 20, 20, 20, 20, 20, 20, 20, 20, 20, 20, 20, 20], [20, 20, 20, 20, 20, 20, 20, 20, 20, 20, 20, 20, 20, 20, 20, 20, 20, 20, 20, 20, 20, 20, 20, 20, 20, 20, 20, 20, 20, 20], [20, 20, 20, 20, 20, 20, 20, 20, 20, 20, 20, 20, 20, 20, 20, 20, 20, 20, 20, 20, 20, 20, 20, 20, 20, 20, 20, 20, 20, 20], [20, 20, 20, 20, 20, 20, 20, 20, 20, 20, 20, 20, 20, 20, 20, 20, 20, 20, 20, 20, 20, 20, 20, 20, 20, 20, 20, 20, 20, 20], [20, 20, 20, 20, 20, 20, 20, 20, 20, 20, 20, 20, 20, 20, 20, 20, 20, 20, 20, 20, 20, 20, 20, 20, 20, 20, 20, 20, 20, 20], [20, 20, 20, 20, 20, 20, 20, 20, 20, 20, 20, 20, 20, 20, 20, 20, 20, 20, 20, 20, 20, 20, 20, 20, 20, 20, 20, 20, 20, 20], [20, 20, 20, 20, 20, 20, 20, 20, 20, 20, 20, 20, 20, 20, 20, 20, 20, 20, 20, 20, 20, 20, 20, 20, 20, 20, 20, 20, 20, 20], [20, 20, 20, 20, 20, 20, 20, 20, 20, 20, 20, 20, 20, 20, 20, 20, 20, 20, 20, 20, 20, 20, 20, 20, 20, 20, 20, 20, 20, 20], [20, 20, 20, 20, 20, 20, 20, 20, 20, 20, 20, 20, 20, 20, 20, 20, 20, 20, 20, 20, 20, 20, 20, 20, 20, 20, 20, 20, 20, 20], [20, 20, 20, 20, 20, 20, 20, 20, 20, 20, 20, 20, 20, 20, 20, 20, 20, 20, 20, 20, 20, 20, 20, 20, 20, 20, 20, 20, 20, 20], [20, 20, 20, 20, 20, 20, 20, 20, 20, 20, 20, 20, 20, 20, 20, 20, 20, 20, 20, 20, 20, 20, 20, 20, 20, 20, 20, 20, 20, 20], [20, 20, 20, 20, 20, 20, 20, 20, 20, 20, 20, 20, 20, 20, 20, 20, 20, 20, 20, 20, 20, 20, 20, 20, 20, 20, 20, 20, 20, 20], [20, 20, 20, 20, 20, 20, 20, 20, 20, 20, 20, 20, 20, 20, 20, 20, 20, 20, 20, 20, 20, 20, 20, 20, 20, 20, 20, 20, 20, 20], [20, 20, 20, 20, 20, 20, 20, 20, 20, 20, 20, 20, 20, 20, 20, 20, 20, 20, 20, 20, 20, 20, 20, 20, 20, 20, 20, 20, 20, 20], [20, 20, 20, 20, 20, 20, 20, 20, 20, 20, 20, 20, 20, 20, 20, 20, 20, 20, 20, 20, 20, 20, 20, 20, 20, 20, 20, 20, 20, 20], [20, 20, 20, 20, 20, 20, 20, 20, 20, 20, 20, 20, 20, 20, 20, 20, 20, 20, 20, 20, 20, 20, 20, 20, 20, 20, 20, 20, 20, 20], [20, 20, 20, 20, 20, 20, 20, 20, 20, 20, 20, 20, 20, 20, 20, 20, 20, 20, 20, 20, 20, 20, 20, 20, 20, 20, 20, 20, 20, 20], [20, 20, 20, 20, 20, 20, 20, 20, 20, 20, 20, 20, 20, 20, 20, 20, 20, 20, 20, 20, 20, 20, 20, 20, 20, 20, 20, 20, 20, 20], [20, 20, 20, 20, 20, 20, 20, 20, 20, 20, 20, 20, 20, 20, 20, 20, 20, 20, 20, 20, 20, 20, 20, 20, 20, 20, 20, 20, 20, 20]]


